# Probe 0 (-160 0 -1900)
# Probe 1 (-120 0 -1900)
# Probe 2 (240 0 -1900)
#       Probe             0             1             2
#        Time
   0.00119048  -2.84383e+09  -2.75638e+09  -2.08373e+09
   0.00262605   5.93508e+06   5.59839e+06   3.10307e+06
   0.00431798   1.05147e+07   1.01294e+07   7.22999e+06
   0.00630415   1.32514e+07   1.28027e+07   9.39454e+06
    0.0087317   1.45164e+07   1.40444e+07   1.04417e+07
    0.0116794   1.59213e+07   1.54153e+07   1.15408e+07
    0.0151631   1.69017e+07   1.63721e+07   1.23118e+07
    0.0195177   1.76205e+07   1.70725e+07   1.28637e+07
    0.0245981   1.88431e+07   1.82595e+07   1.37748e+07
    0.0309486   1.91674e+07   1.85759e+07   1.40313e+07
    0.0372991   2.21647e+07   2.14819e+07   1.62304e+07
    0.0436495   2.29508e+07   2.22438e+07   1.68104e+07
         0.05   2.38109e+07   2.30796e+07   1.74513e+07
    0.0571429   2.36508e+07   2.29257e+07   1.73498e+07
    0.0657143   2.33334e+07   2.26171e+07   1.71067e+07
    0.0771429   2.33298e+07   2.26139e+07   1.71062e+07
    0.0885714   2.76921e+07    2.6842e+07   2.03018e+07
          0.1   2.87454e+07   2.78634e+07   2.10791e+07
         0.11   3.20516e+07   3.10685e+07   2.35055e+07
         0.12   3.09436e+07   2.99972e+07   2.27089e+07
         0.13   3.20598e+07   3.10857e+07   2.35878e+07
         0.14   3.34744e+07   3.24634e+07    2.4668e+07
         0.15   3.33659e+07   3.23519e+07   2.45377e+07
         0.16   3.31164e+07   3.21038e+07   2.43092e+07
         0.17   3.33243e+07   3.23035e+07   2.44491e+07
         0.18   3.36473e+07   3.26173e+07   2.46904e+07
         0.19   3.38402e+07   3.28046e+07    2.4834e+07
          0.2   3.39173e+07   3.28771e+07   2.48712e+07
         0.21   3.39367e+07   3.28997e+07   2.49195e+07
         0.22   3.39508e+07   3.29158e+07   2.49474e+07
         0.23   3.36627e+07   3.26327e+07   2.47046e+07
         0.24   3.34277e+07   3.24063e+07   2.45435e+07
         0.25   3.30587e+07   3.20488e+07   2.42734e+07
         0.26   3.36167e+07   3.25895e+07   2.46772e+07
         0.27   3.30498e+07   3.20402e+07   2.42636e+07
         0.28   3.23896e+07   3.14007e+07   2.37834e+07
         0.29   3.16132e+07   3.06484e+07   2.32165e+07
          0.3   3.07604e+07   2.98219e+07   2.25926e+07
         0.31   2.97963e+07   2.88876e+07   2.18865e+07
         0.32   2.87555e+07    2.7879e+07   2.11258e+07
         0.33    2.7615e+07   2.67736e+07   2.02897e+07
         0.34   2.63867e+07   2.55831e+07     1.939e+07
         0.35   2.50665e+07   2.43036e+07   1.84236e+07
         0.36   2.36515e+07   2.29322e+07   1.73868e+07
         0.37   2.21706e+07   2.14963e+07   1.62997e+07
         0.38   2.06126e+07   1.99862e+07   1.51564e+07
         0.39   1.89679e+07    1.8392e+07   1.39502e+07
          0.4   1.72478e+07   1.67246e+07   1.26884e+07
         0.41   1.54514e+07    1.4983e+07   1.13698e+07
         0.42    1.3595e+07   1.31839e+07   1.00088e+07
         0.43   1.16629e+07   1.13105e+07   8.58956e+06
         0.44   9.67407e+06   9.38282e+06   7.13158e+06
         0.45   7.62293e+06   7.39428e+06   5.62565e+06
         0.46   5.51405e+06   5.34989e+06   4.07837e+06
         0.47   3.36046e+06   3.26181e+06    2.4949e+06
         0.48   1.16963e+06   1.13809e+06        887449
         0.49  -1.06948e+06  -1.03273e+06       -757267
          0.5  -3.34142e+06  -3.23524e+06   -2.4248e+06
         0.51  -5.65433e+06  -5.47784e+06  -4.12494e+06
         0.52   -7.9865e+06  -7.73901e+06  -5.84024e+06
         0.53   -1.0339e+07  -1.00198e+07  -7.56838e+06
         0.54  -1.27081e+07  -1.23168e+07   -9.3096e+06
         0.55  -1.50875e+07  -1.46239e+07  -1.10591e+07
         0.56  -1.74702e+07  -1.69336e+07  -1.28083e+07
         0.57  -1.98532e+07  -1.92445e+07  -1.45618e+07
         0.58  -2.22284e+07  -2.15474e+07  -1.63078e+07
         0.59  -2.45907e+07  -2.38379e+07  -1.80447e+07
          0.6  -2.69334e+07  -2.61094e+07  -1.97669e+07
         0.61  -2.92505e+07   -2.8356e+07  -2.14702e+07
         0.62  -3.15351e+07   -3.0571e+07  -2.31493e+07
         0.63  -3.37805e+07  -3.27481e+07  -2.47994e+07
         0.64  -3.59817e+07  -3.48822e+07  -2.64163e+07
         0.65  -3.81418e+07  -3.69765e+07  -2.80036e+07
         0.66  -4.02633e+07  -3.90335e+07   -2.9563e+07
         0.67  -4.23183e+07  -4.10244e+07  -3.10584e+07
         0.68  -4.43804e+07   -4.3026e+07  -3.25988e+07
         0.69  -4.64073e+07  -4.49936e+07  -3.41046e+07
          0.7  -4.83888e+07  -4.69169e+07  -3.55794e+07
         0.71  -5.03434e+07  -4.88149e+07  -3.70328e+07
         0.72  -5.22687e+07  -5.06805e+07  -3.84421e+07
         0.73  -5.41554e+07   -5.2515e+07  -3.98647e+07
         0.74  -5.60585e+07  -5.43652e+07  -4.13153e+07
         0.75  -5.82052e+07  -5.64567e+07  -4.29605e+07
         0.76   -5.9787e+07  -5.79898e+07  -4.41038e+07
         0.77  -5.94917e+07  -5.76866e+07  -4.37794e+07
         0.78  -5.97888e+07  -5.79673e+07  -4.39279e+07
         0.79  -6.07744e+07  -5.89252e+07  -4.46752e+07
          0.8  -6.16041e+07  -5.97264e+07  -4.52648e+07
         0.81  -6.23537e+07   -6.0455e+07  -4.58248e+07
         0.82  -6.29521e+07  -6.10358e+07  -4.62694e+07
         0.83  -6.34487e+07  -6.15173e+07  -4.66342e+07
         0.84  -6.38092e+07   -6.1867e+07  -4.69008e+07
         0.85  -6.40326e+07  -6.20832e+07  -4.70614e+07
         0.86  -6.41086e+07  -6.21566e+07   -4.7116e+07
         0.87  -6.40634e+07  -6.21142e+07  -4.70968e+07
         0.88  -6.38804e+07  -6.19355e+07   -4.6953e+07
         0.89  -6.35479e+07  -6.16121e+07  -4.66946e+07
          0.9  -6.30862e+07  -6.11654e+07  -4.63646e+07
         0.91  -6.24738e+07  -6.05716e+07   -4.5915e+07
         0.92  -6.17176e+07   -5.9838e+07  -4.53566e+07
         0.93  -6.08322e+07  -5.89794e+07   -4.4705e+07
         0.94  -5.98027e+07  -5.79808e+07  -4.39451e+07
         0.95  -5.86282e+07  -5.68415e+07  -4.30778e+07
         0.96  -5.72998e+07  -5.55531e+07  -4.20955e+07
         0.97  -5.58654e+07  -5.41627e+07  -4.10435e+07
         0.98  -5.43023e+07  -5.26464e+07  -3.98911e+07
         0.99  -5.26108e+07  -5.10056e+07  -3.86427e+07
            1  -5.07912e+07  -4.92409e+07  -3.73016e+07
         1.01  -4.88396e+07  -4.73481e+07  -3.58628e+07
         1.02  -4.67765e+07  -4.53474e+07  -3.43429e+07
         1.03  -4.46287e+07  -4.32635e+07  -3.27598e+07
         1.04  -4.22796e+07  -4.09871e+07   -3.1035e+07
         1.05  -3.98694e+07    -3.865e+07  -2.92631e+07
         1.06   -3.7359e+07  -3.62157e+07   -2.7416e+07
         1.07  -3.47619e+07  -3.36976e+07  -2.55063e+07
         1.08  -3.10866e+07   -3.0135e+07  -2.28135e+07
         1.09  -2.83942e+07  -2.75245e+07  -2.08341e+07
          1.1  -2.56177e+07  -2.48323e+07  -1.87919e+07
         1.11   -2.2775e+07  -2.20762e+07   -1.6703e+07
         1.12  -1.98635e+07  -1.92535e+07  -1.45635e+07
         1.13  -1.68906e+07  -1.63713e+07  -1.23795e+07
         1.14   -1.3862e+07  -1.34351e+07   -1.0155e+07
         1.15   -1.0762e+07  -1.04293e+07  -7.87617e+06
         1.16  -7.65293e+06  -7.41563e+06  -5.59575e+06
         1.17  -4.49002e+06   -4.3495e+06  -3.27456e+06
         1.18  -1.29096e+06  -1.24838e+06       -927326
         1.19   1.94118e+06   1.88477e+06   1.44397e+06
          1.2   5.19236e+06   5.03619e+06   3.82774e+06
         1.21   8.46808e+06    8.2111e+06    6.2264e+06
         1.22   1.17555e+07    1.1398e+07   8.64181e+06
         1.23   1.50425e+07   1.45841e+07   1.10501e+07
         1.24   1.83295e+07   1.77699e+07   1.34578e+07
         1.25   2.16118e+07   2.09508e+07   1.58614e+07
         1.26   2.48769e+07   2.41156e+07   1.82529e+07
         1.27   2.81258e+07   2.72642e+07   2.06313e+07
         1.28   3.13524e+07   3.03913e+07   2.29931e+07
         1.29   3.45525e+07   3.34927e+07   2.53354e+07
          1.3   3.77171e+07   3.65593e+07   2.76497e+07
         1.31   4.08451e+07   3.95904e+07   2.99367e+07
         1.32   4.39325e+07   4.25824e+07   3.21943e+07
         1.33    4.6972e+07   4.55276e+07   3.44159e+07
         1.34   4.99621e+07   4.84248e+07   3.66008e+07
         1.35   5.29016e+07   5.12732e+07   3.87479e+07
         1.36   5.57901e+07   5.40719e+07   4.08569e+07
         1.37    5.8611e+07   5.68051e+07   4.29162e+07
         1.38   6.13725e+07   5.94808e+07   4.49316e+07
         1.39   6.40753e+07   6.20993e+07   4.69053e+07
          1.4   6.67136e+07   6.46556e+07   4.88336e+07
         1.41    6.9226e+07   6.70877e+07   5.06503e+07
         1.42   7.17769e+07   6.95624e+07   5.25341e+07
         1.43   7.42229e+07   7.19338e+07   5.43352e+07
         1.44   7.65908e+07    7.4229e+07   5.60723e+07
         1.45   7.88983e+07   7.64689e+07   5.77865e+07
         1.46   8.11401e+07   7.86416e+07   5.94308e+07
         1.47   8.33143e+07   8.07508e+07   6.10351e+07
         1.48   8.54246e+07   8.27957e+07   6.25775e+07
         1.49   8.74635e+07   8.47752e+07   6.40982e+07
          1.5   8.93613e+07   8.66181e+07   6.55154e+07
         1.51   4.82741e+08   4.67802e+08   3.52976e+08
         1.52   9.79749e+07   9.50942e+07   7.28281e+07
         1.53   8.87417e+07   8.60348e+07   6.52145e+07
         1.54   8.70969e+07   8.44119e+07    6.3757e+07
         1.55   8.63317e+07   8.36723e+07   6.32289e+07
         1.56   8.55958e+07   8.29548e+07   6.26542e+07
         1.57   8.48833e+07   8.22662e+07    6.2138e+07
         1.58    8.4015e+07    8.1427e+07   6.15219e+07
         1.59   8.30583e+07   8.05001e+07   6.08273e+07
          1.6   8.20083e+07   7.94835e+07   6.00652e+07
         1.61   8.08481e+07   7.83595e+07   5.92175e+07
         1.62   7.95949e+07    7.7146e+07   5.83075e+07
         1.63   7.82476e+07    7.5841e+07   5.73276e+07
         1.64   7.67799e+07   7.44197e+07   5.62607e+07
         1.65   7.52259e+07   7.29149e+07   5.51332e+07
         1.66   7.35243e+07   7.12664e+07   5.38903e+07
         1.67   7.17884e+07   6.95853e+07   5.26299e+07
         1.68   6.98931e+07   6.77496e+07   5.12498e+07
         1.69   6.79441e+07   6.58613e+07   4.98282e+07
          1.7   6.58613e+07   6.38438e+07   4.83106e+07
         1.71   6.36993e+07   6.17498e+07    4.6738e+07
         1.72   6.14352e+07   5.95563e+07   4.50855e+07
         1.73   5.90705e+07   5.72659e+07   4.33641e+07
         1.74   5.66205e+07    5.4891e+07   4.15648e+07
         1.75   5.40666e+07   5.24171e+07   3.97057e+07
         1.76   5.14448e+07   4.98773e+07   3.77951e+07
         1.77   4.87221e+07   4.72384e+07   3.58002e+07
         1.78   4.59149e+07    4.4519e+07   3.37548e+07
         1.79   4.30108e+07   4.17044e+07   3.16263e+07
          1.8   3.99849e+07   3.87724e+07   2.94178e+07
         1.81   3.69852e+07    3.5865e+07   2.72173e+07
         1.82   3.38667e+07   3.28427e+07   2.49345e+07
         1.83   3.06748e+07   2.97492e+07   2.25967e+07
         1.84   2.73989e+07   2.65735e+07   2.01936e+07
         1.85   2.41107e+07   2.33874e+07   1.77876e+07
         1.86   2.06997e+07     2.008e+07   1.52797e+07
         1.87    1.7272e+07   1.67583e+07    1.2773e+07
         1.88    1.3792e+07   1.33848e+07   1.02229e+07
         1.89   1.02951e+07    9.9952e+06   7.65355e+06
          1.9   6.95472e+06   6.75743e+06   5.20575e+06
         1.91   3.27055e+06   3.18609e+06   2.50258e+06
         1.92       -444786       -415835       -225894
         1.93  -4.17613e+06  -4.03333e+06  -2.96657e+06
         1.94   -7.9244e+06  -7.66743e+06  -5.72037e+06
         1.95  -1.16817e+07  -1.13098e+07  -8.47626e+06
         1.96  -1.54503e+07  -1.49649e+07  -1.12574e+07
         1.97  -1.92172e+07  -1.86171e+07  -1.40251e+07
         1.98  -2.29696e+07  -2.22556e+07  -1.67855e+07
         1.99   -2.6712e+07  -2.58849e+07  -1.95424e+07
            2  -3.04285e+07  -2.94887e+07  -2.22767e+07
         2.01  -3.41173e+07  -3.30659e+07  -2.49936e+07
         2.02  -3.77698e+07   -3.6608e+07  -2.76839e+07
         2.03  -4.13789e+07  -4.01082e+07  -3.03433e+07
         2.04  -4.49375e+07  -4.35596e+07  -3.29668e+07
         2.05  -4.84394e+07  -4.69558e+07  -3.55471e+07
         2.06  -5.18774e+07  -5.02903e+07  -3.80827e+07
         2.07   -5.5245e+07  -5.35564e+07  -4.05647e+07
         2.08   -5.8532e+07  -5.67444e+07  -4.29888e+07
         2.09  -6.17348e+07  -5.98508e+07  -4.53504e+07
          2.1  -6.48471e+07  -6.28693e+07  -4.76446e+07
         2.11  -6.78719e+07   -6.5803e+07  -4.98744e+07
         2.12   -7.0766e+07  -6.86068e+07  -5.19752e+07
         2.13  -7.36398e+07  -7.13971e+07  -5.41321e+07
         2.14  -7.63918e+07  -7.40678e+07  -5.61707e+07
         2.15  -7.90331e+07  -7.66313e+07  -5.81317e+07
         2.16  -8.15867e+07    -7.911e+07  -6.00298e+07
         2.17  -8.40291e+07  -8.14795e+07  -6.18309e+07
         2.18  -8.63506e+07  -8.37338e+07  -6.35619e+07
         2.19  -8.85666e+07  -8.58846e+07  -6.52008e+07
          2.2  -9.06346e+07   -8.7891e+07  -6.67364e+07
         2.21  -9.25517e+07  -8.97525e+07  -6.81671e+07
         2.22  -9.43959e+07  -9.15453e+07  -6.95606e+07
         2.23  -9.60604e+07  -9.31628e+07  -7.08114e+07
         2.24  -9.75932e+07  -9.46521e+07  -7.19643e+07
         2.25  -9.90227e+07  -9.60421e+07  -7.30396e+07
         2.26    -1.004e+08  -9.73873e+07  -7.41407e+07
         2.27  -1.01416e+08  -9.83725e+07  -7.48818e+07
         2.28   -1.0253e+08  -9.94587e+07  -7.57551e+07
         2.29  -1.03812e+08  -1.00717e+08  -7.67958e+07
          2.3  -1.04053e+08  -1.00934e+08  -7.68229e+07
         2.31  -1.01852e+08  -9.87915e+07  -7.52181e+07
         2.32  -1.00797e+08  -9.77451e+07   -7.4206e+07
         2.33  -1.00695e+08  -9.76415e+07  -7.40838e+07
         2.34  -1.00267e+08  -9.72485e+07  -7.39408e+07
         2.35  -9.97489e+07  -9.67228e+07  -7.34091e+07
         2.36  -9.88257e+07  -9.58273e+07  -7.27173e+07
         2.37  -9.82361e+07  -9.52633e+07  -7.23391e+07
         2.38  -9.72313e+07  -9.42902e+07  -7.16082e+07
         2.39  -9.59915e+07   -9.3088e+07  -7.06872e+07
          2.4  -9.46953e+07  -9.18299e+07  -6.97328e+07
         2.41  -9.32123e+07  -9.03917e+07  -6.86393e+07
         2.42  -9.15679e+07  -8.87972e+07  -6.74335e+07
         2.43  -8.97947e+07  -8.70753e+07  -6.61102e+07
         2.44  -8.78662e+07  -8.52049e+07  -6.46871e+07
         2.45  -8.57908e+07  -8.31916e+07  -6.31538e+07
         2.46  -8.35424e+07  -8.10111e+07  -6.14961e+07
         2.47  -8.12082e+07  -7.87454e+07  -5.97638e+07
         2.48  -7.87236e+07  -7.63353e+07  -5.79303e+07
         2.49  -7.60965e+07  -7.37886e+07  -5.59972e+07
          2.5  -7.34176e+07  -7.11878e+07  -5.40096e+07
         2.51  -7.05674e+07   -6.8424e+07  -5.19085e+07
         2.52  -6.76211e+07  -6.55659e+07  -4.97326e+07
         2.53  -6.45899e+07  -6.26256e+07  -4.74943e+07
         2.54  -6.14735e+07  -5.96029e+07  -4.51949e+07
         2.55  -5.83341e+07  -5.65587e+07  -4.28921e+07
         2.56  -5.49614e+07  -5.32868e+07  -4.03915e+07
         2.57  -5.14408e+07  -4.98699e+07  -3.77815e+07
         2.58  -4.81759e+07  -4.67049e+07  -3.53821e+07
         2.59  -4.46919e+07  -4.33258e+07  -3.28144e+07
          2.6  -4.11553e+07  -3.98958e+07  -3.02108e+07
         2.61  -3.75643e+07  -3.64139e+07  -2.75534e+07
         2.62  -3.39333e+07  -3.28923e+07  -2.48878e+07
         2.63  -3.02619e+07  -2.93321e+07  -2.21878e+07
         2.64  -2.65834e+07  -2.57655e+07  -1.94825e+07
         2.65  -2.28765e+07  -2.21709e+07  -1.67524e+07
         2.66  -1.91495e+07  -1.85568e+07  -1.40094e+07
         2.67  -1.54553e+07   -1.4975e+07  -1.12962e+07
         2.68  -1.17375e+07  -1.13706e+07  -8.55913e+06
         2.69  -8.02802e+06  -7.77334e+06  -5.83154e+06
          2.7  -4.34238e+06  -4.20036e+06   -3.1252e+06
         2.71       -667988       -638136       -426847
         2.72   2.89888e+06   2.81923e+06   2.18915e+06
         2.73   6.41007e+06   6.22303e+06   4.76631e+06
         2.74   9.89402e+06   9.59999e+06    7.3198e+06
         2.75   1.33446e+07   1.29454e+07   9.85569e+06
         2.76   1.67044e+07   1.62014e+07   1.23162e+07
         2.77   2.01035e+07   1.94959e+07   1.48049e+07
         2.78   2.34155e+07   2.27061e+07   1.72338e+07
         2.79   2.66665e+07   2.58575e+07    1.9618e+07
          2.8   2.98628e+07   2.89553e+07   2.19578e+07
         2.81   3.29975e+07   3.19935e+07   2.42539e+07
         2.82   3.60612e+07   3.49623e+07   2.64939e+07
         2.83   3.90696e+07   3.78779e+07   2.86957e+07
         2.84   4.19862e+07   4.07034e+07   3.08263e+07
         2.85   4.48597e+07   4.34889e+07   3.29315e+07
         2.86   4.76337e+07   4.61768e+07   3.49605e+07
         2.87   5.03295e+07    4.8789e+07   3.69322e+07
         2.88   5.29535e+07   5.13327e+07   3.88569e+07
         2.89   5.55037e+07   5.38017e+07   4.07025e+07
          2.9    5.7945e+07   5.61679e+07   4.24928e+07
         2.91   6.03333e+07   5.84806e+07   4.42258e+07
         2.92   6.26015e+07   6.06784e+07   4.58845e+07
         2.93   6.48056e+07   6.28133e+07   4.74887e+07
         2.94   6.69147e+07   6.48566e+07   4.90269e+07
         2.95   6.89238e+07   6.68032e+07   5.04948e+07
         2.96   7.08687e+07   6.86875e+07   5.19139e+07
         2.97   7.27219e+07   7.04834e+07   5.32694e+07
         2.98   7.44757e+07   7.21828e+07   5.45531e+07
         2.99   7.61535e+07   7.38087e+07   5.57797e+07
            3   7.77416e+07   7.53481e+07   5.69434e+07
         3.01   7.92421e+07   7.68019e+07   5.80372e+07
         3.02   8.06517e+07   7.81678e+07   5.90718e+07
         3.03   8.19631e+07   7.94395e+07   6.00356e+07
         3.04   8.32123e+07   8.06517e+07   6.09634e+07
         3.05   8.42956e+07   8.17014e+07   6.17604e+07
         3.06   8.53162e+07   8.26942e+07    6.2523e+07
         3.07   8.60375e+07   8.33921e+07   6.30524e+07
         3.08   8.67538e+07   8.40875e+07   6.35815e+07
         3.09   8.73797e+07    8.4693e+07   6.40318e+07
          3.1   8.79823e+07   8.52799e+07   6.45009e+07
         3.11    8.8452e+07     8.574e+07   6.48685e+07
         3.12   8.88726e+07   8.61399e+07   6.51263e+07
         3.13   8.92296e+07   8.64955e+07   6.54693e+07
         3.14   8.95979e+07   8.68562e+07   6.57518e+07
         3.15   8.95098e+07   8.67762e+07   6.57522e+07
         3.16   8.99226e+07   8.71909e+07   6.61643e+07
         3.17   8.80041e+07   8.52934e+07   6.44461e+07
         3.18   8.66889e+07   8.40147e+07   6.34531e+07
         3.19   8.59885e+07    8.3332e+07   6.29181e+07
          3.2   8.53875e+07   8.27474e+07   6.24675e+07
         3.21   8.47405e+07   8.21228e+07   6.20021e+07
         3.22    8.3969e+07   8.13773e+07   6.14516e+07
         3.23   8.30418e+07   8.04789e+07   6.07789e+07
         3.24   8.20496e+07   7.95188e+07   6.00623e+07
         3.25   8.09367e+07   7.84418e+07   5.92586e+07
         3.26   7.97283e+07    7.7271e+07   5.83778e+07
         3.27   7.83786e+07   7.59645e+07   5.74017e+07
         3.28   7.69648e+07   7.45942e+07   5.63651e+07
         3.29   7.54198e+07   7.30986e+07   5.52478e+07
          3.3   7.37591e+07   7.14905e+07   5.40422e+07
         3.31   7.19961e+07   6.97825e+07    5.2755e+07
         3.32   7.01279e+07   6.79729e+07   5.13941e+07
         3.33   6.81696e+07   6.60761e+07   4.99679e+07
         3.34    6.6117e+07   6.40881e+07   4.84753e+07
         3.35   6.39426e+07   6.19815e+07   4.68873e+07
         3.36   6.16722e+07   5.97818e+07   4.52302e+07
         3.37   5.93164e+07   5.74998e+07   4.35135e+07
         3.38   5.68697e+07   5.51295e+07   4.17303e+07
         3.39   5.43288e+07   5.26681e+07   3.98778e+07
          3.4   5.16907e+07   5.01116e+07   3.79469e+07
         3.41   4.89674e+07   4.74734e+07   3.59622e+07
         3.42   4.61859e+07   4.47781e+07   3.39287e+07
         3.43   4.32645e+07   4.19471e+07   3.17911e+07
         3.44   4.02996e+07   3.90741e+07   2.96227e+07
         3.45   3.72744e+07   3.61425e+07   2.74101e+07
         3.46   3.41641e+07   3.31282e+07   2.51334e+07
         3.47   3.09407e+07   3.00035e+07   2.27685e+07
         3.48   2.77255e+07    2.6888e+07   2.04161e+07
         3.49   2.44232e+07   2.36872e+07   1.79969e+07
          3.5   2.10529e+07   2.04201e+07    1.5525e+07
         3.51   1.76329e+07   1.71053e+07   1.30182e+07
         3.52   1.41692e+07   1.37485e+07   1.04816e+07
         3.53   1.06544e+07    1.0341e+07   7.90221e+06
         3.54   7.33022e+06   7.11953e+06   5.46693e+06
         3.55    3.6491e+06   3.55103e+06   2.76574e+06
         3.56      -69697.2      -53987.3       36459.5
         3.57  -3.81034e+06  -3.68034e+06  -2.70946e+06
         3.58  -7.56373e+06  -7.31932e+06  -5.46769e+06
         3.59  -1.13278e+07   -1.0968e+07  -8.22767e+06
          3.6  -1.51051e+07  -1.46313e+07  -1.10124e+07
         3.61  -1.88641e+07  -1.82757e+07  -1.37738e+07
         3.62  -2.26195e+07  -2.19169e+07   -1.6535e+07
         3.63  -2.63526e+07  -2.55366e+07  -1.92805e+07
         3.64  -3.00674e+07  -2.91391e+07  -2.20166e+07
         3.65  -3.37474e+07  -3.27075e+07   -2.4725e+07
         3.66  -3.73923e+07   -3.6242e+07  -2.74072e+07
         3.67  -4.09912e+07   -3.9732e+07  -3.00581e+07
         3.68  -4.45416e+07  -4.31751e+07  -3.26732e+07
         3.69   -4.8033e+07   -4.6561e+07  -3.52447e+07
          3.7  -5.14583e+07  -4.98829e+07  -3.77691e+07
         3.71  -5.48135e+07  -5.31368e+07  -4.02414e+07
         3.72  -5.80824e+07   -5.6307e+07  -4.26492e+07
         3.73  -6.12727e+07  -5.94011e+07  -4.50015e+07
         3.74  -6.43699e+07  -6.24049e+07  -4.72845e+07
         3.75  -6.73436e+07  -6.52855e+07   -4.9441e+07
         3.76  -7.03059e+07  -6.81618e+07  -5.16599e+07
         3.77  -7.31419e+07   -7.0913e+07   -5.3757e+07
         3.78    -7.588e+07  -7.35697e+07  -5.57829e+07
         3.79  -7.85153e+07  -7.61267e+07  -5.77341e+07
          3.8   -8.1041e+07  -7.85778e+07  -5.96115e+07
         3.81  -8.34643e+07  -8.09317e+07  -6.14235e+07
         3.82  -8.57922e+07  -8.31907e+07  -6.31438e+07
         3.83  -8.79842e+07  -8.53183e+07  -6.47654e+07
         3.84  -9.00258e+07  -8.72985e+07  -6.62779e+07
         3.85  -9.19376e+07  -8.91556e+07  -6.77116e+07
         3.86  -9.37327e+07     -9.09e+07  -6.90597e+07
         3.87   -9.5434e+07  -9.25541e+07  -7.03474e+07
         3.88  -9.69451e+07  -9.40222e+07  -7.14827e+07
         3.89  -9.83787e+07  -9.54134e+07  -7.25367e+07
          3.9  -9.98385e+07  -9.68453e+07  -7.37618e+07
         3.91  -1.01207e+08  -9.81762e+07  -7.47721e+07
         3.92  -1.02906e+08  -9.98353e+07  -7.61158e+07
         3.93   -1.0152e+08  -9.84553e+07  -7.48517e+07
         3.94  -1.00392e+08  -9.73586e+07  -7.39404e+07
         3.95  -1.00318e+08  -9.72801e+07  -7.38786e+07
         3.96  -1.00159e+08  -9.71218e+07   -7.3702e+07
         3.97  -9.98077e+07  -9.67744e+07  -7.33991e+07
         3.98  -9.95349e+07  -9.65282e+07  -7.33498e+07
         3.99  -9.91012e+07  -9.60959e+07  -7.29534e+07
            4  -9.82965e+07  -9.53079e+07  -7.22587e+07
         4.01  -9.75899e+07  -9.46321e+07  -7.18341e+07
         4.02  -9.65497e+07   -9.3625e+07  -7.10784e+07
         4.03   -9.5422e+07  -9.25296e+07   -7.0235e+07
         4.04  -9.40978e+07  -9.12481e+07  -6.92781e+07
         4.05  -9.26042e+07  -8.97961e+07  -6.81599e+07
         4.06  -9.09526e+07  -8.81946e+07  -6.69462e+07
         4.07  -8.91849e+07  -8.64784e+07   -6.5628e+07
         4.08  -8.72825e+07  -8.46341e+07  -6.42261e+07
         4.09  -8.52098e+07  -8.26231e+07  -6.26922e+07
          4.1   -8.3028e+07  -8.05069e+07  -6.10823e+07
         4.11  -8.06648e+07   -7.8214e+07  -5.93366e+07
         4.12  -7.81971e+07  -7.58202e+07  -5.75137e+07
         4.13  -7.56931e+07  -7.33928e+07  -5.56641e+07
         4.14  -7.29291e+07  -7.07094e+07  -5.36255e+07
         4.15  -7.01731e+07  -6.80367e+07  -5.15875e+07
         4.16  -6.72908e+07  -6.52413e+07  -4.94604e+07
         4.17  -6.42858e+07  -6.23264e+07  -4.72425e+07
         4.18  -6.12066e+07    -5.934e+07  -4.49704e+07
         4.19  -5.80352e+07  -5.62639e+07  -4.26331e+07
          4.2  -5.47891e+07  -5.31157e+07  -4.02379e+07
         4.21  -5.14634e+07  -4.98902e+07  -3.77859e+07
         4.22  -4.80739e+07  -4.66035e+07  -3.52905e+07
         4.23  -4.45945e+07  -4.32283e+07  -3.27216e+07
         4.24  -4.10951e+07   -3.9835e+07  -3.01452e+07
         4.25  -3.75357e+07   -3.6383e+07  -2.75201e+07
         4.26  -3.39597e+07  -3.29158e+07  -2.48915e+07
         4.27  -3.03288e+07  -2.93945e+07  -2.22167e+07
         4.28  -2.66845e+07  -2.58611e+07  -1.95355e+07
         4.29  -2.30138e+07  -2.23018e+07  -1.68396e+07
          4.3  -1.93305e+07  -1.87312e+07  -1.41351e+07
         4.31  -1.56319e+07   -1.5145e+07  -1.14186e+07
         4.32  -1.19445e+07  -1.15699e+07  -8.70339e+06
         4.33  -8.25542e+06  -7.99308e+06  -5.99309e+06
         4.34  -4.57628e+06  -4.42646e+06   -3.2924e+06
         4.35       -913930       -876202       -605501
         4.36    2.6553e+06    2.5832e+06   2.01074e+06
         4.37   6.16226e+06   5.98279e+06   4.58419e+06
         4.38   9.63788e+06   9.35186e+06   7.13376e+06
         4.39   1.30743e+07   1.26826e+07    9.6523e+06
          4.4   1.64625e+07   1.59667e+07   1.21347e+07
         4.41   1.98146e+07   1.92158e+07   1.45943e+07
         4.42   2.31164e+07   2.24157e+07   1.70106e+07
         4.43   2.63448e+07   2.55441e+07   1.93723e+07
         4.44   2.95183e+07   2.86195e+07   2.16917e+07
         4.45   3.26767e+07   3.16809e+07   2.40095e+07
         4.46   3.57417e+07    3.4651e+07   2.62507e+07
         4.47   3.87437e+07   3.75596e+07   2.84423e+07
         4.48   4.16857e+07   4.04102e+07   3.05849e+07
         4.49   4.45177e+07    4.3154e+07   3.26646e+07
          4.5   4.73262e+07   4.58754e+07   3.47116e+07
         4.51    5.0038e+07   4.85032e+07   3.66943e+07
         4.52   5.26674e+07   5.10506e+07   3.86124e+07
         4.53   5.52188e+07   5.35232e+07   4.04768e+07
         4.54   5.76669e+07   5.58948e+07   4.22646e+07
         4.55   6.00446e+07   5.81971e+07   4.39911e+07
         4.56   6.23283e+07   6.04083e+07    4.5649e+07
         4.57   6.45344e+07   6.25462e+07   4.72616e+07
         4.58   6.66464e+07   6.45922e+07   4.88018e+07
         4.59   6.86796e+07   6.65627e+07   5.02907e+07
          4.6   7.06011e+07    6.8424e+07   5.16929e+07
         4.61   7.24756e+07   7.02387e+07   5.30461e+07
         4.62   7.42298e+07   7.19393e+07   5.43389e+07
         4.63   7.59134e+07   7.35712e+07   5.55718e+07
         4.64   7.74975e+07   7.51036e+07   5.67086e+07
         4.65   7.89942e+07   7.65554e+07   5.78166e+07
         4.66   8.03817e+07   7.79004e+07   5.88305e+07
         4.67   8.16849e+07   7.91628e+07   5.97845e+07
         4.68   8.28916e+07   8.03344e+07   6.06919e+07
         4.69   8.38609e+07   8.12707e+07   6.13643e+07
          4.7   8.49142e+07   8.22976e+07   6.21862e+07
         4.71   8.56406e+07   8.29974e+07   6.26909e+07
         4.72   8.65069e+07   8.38408e+07   6.33554e+07
         4.73   8.71145e+07   8.44289e+07   6.37866e+07
         4.74   8.76519e+07   8.49496e+07   6.41881e+07
         4.75   8.79864e+07   8.52724e+07   6.43907e+07
         4.76   8.83774e+07   8.56538e+07   6.47518e+07
         4.77   8.86293e+07   8.59053e+07   6.49891e+07
         4.78   8.87412e+07   8.60144e+07   6.50329e+07
         4.79   8.87486e+07    8.6019e+07   6.50413e+07
          4.8   8.91439e+07   8.64088e+07   6.53727e+07
         4.81   8.87308e+07   8.60284e+07   6.52368e+07
         4.82   8.79881e+07   8.52907e+07   6.45564e+07
         4.83   8.65609e+07   8.38884e+07   6.33405e+07
         4.84   8.51937e+07   8.25549e+07   6.22879e+07
         4.85   8.44709e+07   8.18561e+07   6.17787e+07
         4.86   8.36537e+07   8.10604e+07   6.11511e+07
         4.87   8.27951e+07    8.0229e+07   6.05175e+07
         4.88   8.17825e+07   7.92512e+07   5.98087e+07
         4.89   8.07175e+07   7.82214e+07   5.90373e+07
          4.9   7.94581e+07   7.70014e+07    5.8128e+07
         4.91   7.81482e+07   7.57329e+07   5.71763e+07
         4.92   7.66995e+07   7.43292e+07   5.61165e+07
         4.93   7.51956e+07   7.28741e+07    5.5035e+07
         4.94   7.35377e+07   7.12676e+07   5.38213e+07
         4.95   7.17745e+07   6.95596e+07   5.25363e+07
         4.96    6.9958e+07   6.78015e+07   5.12245e+07
         4.97   6.79719e+07   6.58772e+07   4.97733e+07
         4.98   6.59184e+07   6.38882e+07   4.82768e+07
         4.99   6.37695e+07   6.18073e+07   4.67153e+07
            5   6.14815e+07   5.95903e+07   4.50444e+07
         5.01   5.91078e+07   5.72909e+07   4.33199e+07
         5.02   5.66692e+07   5.49282e+07   4.15339e+07
         5.03   5.41371e+07   5.24759e+07   3.96899e+07
         5.04   5.14815e+07    4.9903e+07   3.77569e+07
         5.05   4.87695e+07   4.72749e+07   3.57695e+07
         5.06   4.59704e+07   4.45634e+07   3.37294e+07
         5.07   4.30818e+07   4.17645e+07   3.16185e+07
         5.08   4.01089e+07   3.88837e+07   2.94437e+07
         5.09   3.70512e+07   3.59207e+07   2.72068e+07
          5.1   3.39594e+07   3.29247e+07   2.49471e+07
         5.11   3.07697e+07   2.98337e+07   2.26122e+07
         5.12   2.75253e+07   2.66897e+07   2.02399e+07
         5.13   2.42167e+07   2.34831e+07    1.7817e+07
         5.14   2.08543e+07   2.02243e+07   1.53547e+07
         5.15   1.74572e+07    1.6932e+07     1.287e+07
         5.16   1.40104e+07   1.35913e+07   1.03432e+07
         5.17   1.05265e+07   1.02143e+07   7.78705e+06
         5.18   7.21736e+06   7.00709e+06   5.36216e+06
         5.19   3.55854e+06   3.46107e+06    2.6832e+06
          5.2       -135428       -119616        -26446
         5.21  -3.84884e+06  -3.71925e+06  -2.75016e+06
         5.22   -7.5715e+06  -7.32756e+06   -5.4798e+06
         5.23  -1.13195e+07  -1.09612e+07  -8.23104e+06
         5.24   -1.5058e+07  -1.45861e+07  -1.09821e+07
         5.25  -1.87946e+07  -1.82085e+07  -1.37256e+07
         5.26  -2.25217e+07  -2.18219e+07  -1.64638e+07
         5.27  -2.62298e+07  -2.54171e+07  -1.91892e+07
         5.28  -2.99179e+07   -2.8993e+07  -2.18999e+07
         5.29  -3.35767e+07  -3.25406e+07  -2.45916e+07
          5.3  -3.71993e+07  -3.60533e+07  -2.72563e+07
         5.31   -4.0777e+07  -3.95224e+07  -2.98891e+07
         5.32  -4.43046e+07   -4.2943e+07  -3.24845e+07
         5.33   -4.7773e+07  -4.63063e+07  -3.50376e+07
         5.34  -5.11744e+07  -4.96047e+07  -3.75415e+07
         5.35  -5.45057e+07  -5.28351e+07  -3.99937e+07
         5.36   -5.7752e+07  -5.59832e+07  -4.23842e+07
         5.37  -6.09138e+07  -5.90492e+07  -4.47121e+07
         5.38  -6.39866e+07  -6.20292e+07  -4.69754e+07
         5.39  -6.69767e+07   -6.4929e+07  -4.91785e+07
          5.4  -6.98726e+07  -6.77376e+07  -5.13128e+07
         5.41  -7.26381e+07   -7.0417e+07  -5.33241e+07
         5.42  -7.53609e+07  -7.30607e+07  -5.53673e+07
         5.43   -7.7986e+07  -7.56082e+07  -5.73091e+07
         5.44  -8.04693e+07  -7.80204e+07  -5.91772e+07
         5.45  -8.28907e+07  -8.03683e+07    -6.095e+07
         5.46  -8.51993e+07  -8.26109e+07   -6.2676e+07
         5.47  -8.73738e+07  -8.47208e+07  -6.42866e+07
         5.48  -8.94306e+07  -8.67173e+07  -6.58154e+07
         5.49  -9.13474e+07  -8.85776e+07  -6.72406e+07
          5.5  -9.31498e+07    -9.033e+07  -6.86021e+07
         5.51  -9.48508e+07  -9.19838e+07  -6.98906e+07
         5.52  -9.64164e+07   -9.3506e+07  -7.10747e+07
         5.53    -9.795e+07  -9.49995e+07  -7.22524e+07
         5.54  -9.96709e+07  -9.66845e+07  -7.36465e+07
         5.55  -1.00545e+08  -9.75203e+07  -7.41814e+07
         5.56  -9.99888e+07  -9.69578e+07  -7.36032e+07
         5.57  -9.95523e+07  -9.65252e+07  -7.32214e+07
         5.58  -9.95896e+07  -9.65693e+07  -7.32967e+07
         5.59  -9.95422e+07   -9.6518e+07  -7.32211e+07
          5.6  -9.95666e+07  -9.65415e+07  -7.32151e+07
         5.61  -9.92185e+07  -9.62042e+07   -7.3008e+07
         5.62  -9.88695e+07  -9.58697e+07  -7.27889e+07
         5.63  -9.83635e+07  -9.53702e+07  -7.23344e+07
         5.64  -9.76729e+07  -9.46998e+07  -7.17684e+07
         5.65  -9.69087e+07  -9.39634e+07  -7.12787e+07
         5.66  -9.58307e+07  -9.29182e+07  -7.04861e+07
         5.67  -9.46518e+07  -9.17732e+07  -6.96099e+07
         5.68  -9.35024e+07  -9.06611e+07  -6.87684e+07
         5.69  -9.18902e+07  -8.90953e+07  -6.75734e+07
          5.7  -9.01914e+07  -8.74487e+07  -6.63312e+07
         5.71   -8.8473e+07  -8.57819e+07  -6.50564e+07
         5.72  -8.65872e+07  -8.39521e+07  -6.36624e+07
         5.73  -8.45481e+07  -8.19744e+07  -6.21569e+07
         5.74  -8.23474e+07  -7.98399e+07  -6.05359e+07
         5.75  -8.00579e+07  -7.76185e+07  -5.88404e+07
         5.76  -7.75755e+07  -7.52108e+07  -5.70168e+07
         5.77  -7.50652e+07  -7.27756e+07  -5.51534e+07
         5.78  -7.23932e+07  -7.01838e+07  -5.31826e+07
         5.79   -6.9599e+07  -6.74738e+07  -5.11218e+07
          5.8  -6.66989e+07  -6.46606e+07  -4.89839e+07
         5.81  -6.37317e+07  -6.17829e+07  -4.67943e+07
         5.82  -6.06642e+07   -5.8808e+07  -4.45237e+07
         5.83  -5.75033e+07  -5.57421e+07   -4.2203e+07
         5.84  -5.42763e+07  -5.26134e+07  -3.98297e+07
         5.85  -5.10014e+07  -4.94367e+07  -3.74128e+07
         5.86  -4.76318e+07   -4.6169e+07  -3.49229e+07
         5.87  -4.42139e+07  -4.28549e+07  -3.24137e+07
         5.88  -4.07569e+07  -3.95026e+07  -2.98703e+07
         5.89  -3.72442e+07  -3.60967e+07  -2.72846e+07
          5.9  -3.36905e+07  -3.26519e+07  -2.46708e+07
         5.91  -3.01077e+07  -2.91766e+07  -2.20358e+07
         5.92    -2.648e+07  -2.56598e+07  -1.93701e+07
         5.93  -2.28436e+07  -2.21348e+07  -1.67011e+07
         5.94  -1.91819e+07  -1.85842e+07  -1.40091e+07
         5.95  -1.55098e+07  -1.50248e+07  -1.13144e+07
         5.96  -1.18513e+07   -1.1478e+07  -8.62999e+06
         5.97  -8.18916e+06  -7.92805e+06  -5.93813e+06
         5.98  -4.55294e+06  -4.40312e+06  -3.27223e+06
         5.99       -932245       -893793       -618386
            6   2.59912e+06    2.5285e+06   1.96691e+06
         6.01   6.06543e+06   5.88828e+06   4.50801e+06
         6.02   9.50176e+06   9.21884e+06   7.02562e+06
         6.03   1.29015e+07   1.25138e+07   9.51645e+06
         6.04   1.62611e+07   1.57696e+07   1.19738e+07
         6.05   1.95767e+07   1.89829e+07   1.44023e+07
         6.06   2.28457e+07    2.2151e+07   1.67955e+07
         6.07   2.60547e+07   2.52606e+07   1.91406e+07
         6.08   2.92188e+07   2.83256e+07   2.14519e+07
         6.09   3.23251e+07   3.13365e+07   2.37252e+07
          6.1   3.53286e+07   3.42457e+07   2.59105e+07
         6.11    3.8322e+07   3.71471e+07   2.81061e+07
         6.12   4.12253e+07   3.99598e+07   3.02264e+07
         6.13   4.40626e+07   4.27082e+07   3.22928e+07
         6.14   4.68137e+07   4.53728e+07    3.4296e+07
         6.15   4.94965e+07   4.79726e+07    3.6258e+07
         6.16    5.2102e+07   5.04954e+07   3.81498e+07
         6.17   5.46257e+07   5.29412e+07   3.99961e+07
         6.18   5.70677e+07   5.53067e+07   4.17765e+07
         6.19   5.94468e+07   5.76123e+07   4.35131e+07
          6.2   6.17248e+07   5.98172e+07   4.51637e+07
         6.21   6.39189e+07   6.19423e+07   4.67598e+07
         6.22   6.60108e+07   6.39686e+07   4.82849e+07
         6.23    6.8042e+07   6.59359e+07   4.97625e+07
         6.24   6.99782e+07   6.78114e+07   5.11739e+07
         6.25    7.1834e+07   6.96092e+07   5.25277e+07
         6.26   7.36028e+07   7.13231e+07   5.38196e+07
         6.27   7.52838e+07    7.2951e+07   5.50433e+07
         6.28   7.68795e+07   7.44954e+07   5.61917e+07
         6.29   7.83462e+07   7.59174e+07   5.72742e+07
          6.3   7.97257e+07    7.7255e+07   5.82851e+07
         6.31   8.09727e+07   7.84632e+07    5.9204e+07
         6.32   8.22005e+07   7.96502e+07   6.00686e+07
         6.33   8.33444e+07   8.07614e+07   6.09272e+07
         6.34   8.42626e+07   8.16565e+07    6.1657e+07
         6.35   8.49992e+07   8.23647e+07   6.21433e+07
         6.36   8.57402e+07   8.30845e+07   6.26983e+07
         6.37   8.64108e+07   8.37346e+07   6.31944e+07
         6.38   8.69907e+07   8.42981e+07   6.36277e+07
         6.39   8.73898e+07   8.46821e+07   6.38877e+07
          6.4   8.78155e+07   8.50937e+07   6.42026e+07
         6.41   8.80518e+07   8.53373e+07   6.45071e+07
         6.42   8.81743e+07   8.54492e+07   6.45155e+07
         6.43   8.81814e+07   8.54549e+07   6.45221e+07
         6.44    8.8265e+07   8.55483e+07   6.46395e+07
         6.45   8.76683e+07   8.49716e+07   6.42975e+07
         6.46   8.73848e+07   8.46849e+07   6.39722e+07
         6.47     8.713e+07   8.44529e+07   6.38585e+07
         6.48   8.57458e+07   8.30994e+07   6.27727e+07
         6.49   8.44813e+07   8.18655e+07    6.1791e+07
          6.5   8.32473e+07   8.06575e+07   6.07878e+07
         6.51   8.23496e+07   7.97852e+07   6.01148e+07
         6.52   8.13521e+07   7.88225e+07   5.94095e+07
         6.53   8.02309e+07   7.77389e+07   5.86169e+07
         6.54   7.90492e+07   7.65915e+07   5.77271e+07
         6.55   7.77327e+07   7.53184e+07   5.67883e+07
         6.56   7.63124e+07   7.39436e+07   5.57603e+07
         6.57   7.47859e+07    7.2465e+07   5.46484e+07
         6.58   7.31533e+07   7.08845e+07   5.34657e+07
         6.59   7.14103e+07   6.91966e+07   5.21998e+07
          6.6   6.95596e+07   6.74044e+07   5.08545e+07
         6.61   6.76211e+07    6.5527e+07   4.94436e+07
         6.62   6.55541e+07   6.35253e+07   4.79421e+07
         6.63   6.34156e+07   6.14541e+07   4.63853e+07
         6.64   6.11681e+07   5.92777e+07   4.47552e+07
         6.65    5.8822e+07   5.70054e+07   4.30479e+07
         6.66   5.63906e+07   5.46503e+07    4.1275e+07
         6.67   5.38316e+07   5.21711e+07   3.94069e+07
         6.68   5.12363e+07   4.96578e+07   3.75241e+07
         6.69   4.84973e+07   4.70036e+07   3.55159e+07
          6.7   4.57393e+07   4.43325e+07   3.35132e+07
         6.71   4.28364e+07   4.15198e+07   3.13902e+07
         6.72   3.98724e+07   3.86475e+07   2.92228e+07
         6.73   3.68671e+07    3.5736e+07    2.7029e+07
         6.74   3.37833e+07   3.27481e+07   2.47757e+07
         6.75   3.06119e+07   2.96753e+07   2.24571e+07
         6.76   2.74003e+07   2.65633e+07   2.01106e+07
         6.77   2.41165e+07   2.33812e+07   1.77098e+07
         6.78   2.07888e+07   2.01566e+07   1.52768e+07
         6.79   1.73979e+07   1.68706e+07   1.27958e+07
          6.8   1.39419e+07   1.35216e+07    1.0271e+07
         6.81   1.04794e+07   1.01655e+07   7.72895e+06
         6.82   7.17075e+06   6.95906e+06    5.3076e+06
         6.83   3.53628e+06    3.4372e+06   2.64893e+06
         6.84       -140532       -126428      -44160.9
         6.85  -3.83394e+06  -3.70614e+06     -2.75e+06
         6.86  -7.53999e+06  -7.29814e+06    -5.465e+06
         6.87  -1.12623e+07  -1.09063e+07  -8.19521e+06
         6.88  -1.49766e+07  -1.45072e+07  -1.09238e+07
         6.89  -1.86924e+07  -1.81089e+07  -1.36482e+07
          6.9  -2.23914e+07  -2.16947e+07  -1.63622e+07
         6.91  -2.60757e+07  -2.52665e+07  -1.90693e+07
         6.92    -2.973e+07   -2.8809e+07  -2.17506e+07
         6.93  -3.33606e+07  -3.23291e+07    -2.442e+07
         6.94  -3.69453e+07  -3.58042e+07  -2.70512e+07
         6.95  -4.04917e+07  -3.92426e+07  -2.96588e+07
         6.96  -4.39825e+07  -4.26271e+07  -3.22246e+07
         6.97  -4.74152e+07  -4.59553e+07   -3.4748e+07
         6.98   -5.0783e+07  -4.92207e+07   -3.7224e+07
         6.99  -5.40783e+07  -5.24158e+07  -3.96471e+07
            7   -5.7295e+07  -5.55347e+07  -4.20126e+07
         7.01   -6.0429e+07  -5.85734e+07  -4.43173e+07
         7.02  -6.34758e+07  -6.15277e+07   -4.6559e+07
         7.03   -6.6433e+07  -6.43952e+07  -4.87349e+07
         7.04  -6.93037e+07  -6.71793e+07  -5.08516e+07
         7.05   -7.2037e+07  -6.98271e+07  -5.28393e+07
         7.06  -7.47612e+07  -7.24728e+07  -5.48822e+07
         7.07  -7.73554e+07  -7.49898e+07  -5.68006e+07
         7.08   -7.9842e+07  -7.74026e+07  -5.86436e+07
         7.09  -8.22246e+07  -7.97151e+07  -6.04143e+07
          7.1  -8.44951e+07  -8.19193e+07  -6.21044e+07
         7.11  -8.66554e+07  -8.40169e+07  -6.37141e+07
         7.12  -8.86892e+07  -8.59919e+07  -6.52281e+07
         7.13  -9.06323e+07  -8.78786e+07   -6.6681e+07
         7.14  -9.24179e+07  -8.96124e+07   -6.8012e+07
         7.15  -9.41747e+07  -9.13222e+07  -6.93584e+07
         7.16  -9.58322e+07  -9.29365e+07  -7.06323e+07
         7.17   -9.7629e+07  -9.46937e+07  -7.20626e+07
         7.18  -9.85427e+07  -9.55658e+07  -7.26201e+07
         7.19  -9.79693e+07  -9.49758e+07  -7.19531e+07
          7.2  -9.82066e+07  -9.52103e+07   -7.2132e+07
         7.21  -9.85003e+07  -9.54913e+07  -7.23504e+07
         7.22  -9.86348e+07  -9.56365e+07  -7.25501e+07
         7.23  -9.86737e+07  -9.56594e+07  -7.24836e+07
         7.24  -9.89209e+07  -9.59111e+07  -7.27396e+07
         7.25  -9.89404e+07  -9.59179e+07  -7.26639e+07
         7.26  -9.81192e+07  -9.51338e+07   -7.2179e+07
         7.27  -9.77852e+07  -9.48011e+07  -7.18301e+07
         7.28  -9.70027e+07  -9.40412e+07  -7.12548e+07
         7.29   -9.6252e+07  -9.33137e+07  -7.06933e+07
          7.3  -9.51443e+07  -9.22414e+07  -6.99044e+07
         7.31  -9.39861e+07  -9.11185e+07  -6.90531e+07
         7.32  -9.26921e+07  -8.98657e+07  -6.81145e+07
         7.33  -9.12564e+07    -8.847e+07  -6.70344e+07
         7.34  -8.96258e+07  -8.68893e+07  -6.58464e+07
         7.35  -8.78736e+07  -8.51894e+07  -6.45351e+07
         7.36  -8.60309e+07   -8.3403e+07  -6.31835e+07
         7.37  -8.39612e+07  -8.13943e+07  -6.16535e+07
         7.38  -8.17896e+07  -7.92905e+07   -6.0062e+07
         7.39   -7.9531e+07   -7.7098e+07  -5.83881e+07
          7.4  -7.71396e+07  -7.47777e+07  -5.66208e+07
         7.41  -7.46073e+07  -7.23227e+07  -5.47578e+07
         7.42  -7.19768e+07  -6.97708e+07  -5.28147e+07
         7.43  -6.92099e+07  -6.70882e+07  -5.07805e+07
         7.44  -6.63508e+07  -6.43157e+07  -4.86746e+07
         7.45  -6.34204e+07  -6.14736e+07  -4.65141e+07
         7.46  -6.03783e+07  -5.85237e+07  -4.42749e+07
         7.47  -5.72705e+07  -5.55099e+07  -4.19853e+07
         7.48  -5.40725e+07  -5.24088e+07  -3.96307e+07
         7.49  -5.08069e+07  -4.92424e+07  -3.72289e+07
          7.5   -4.7471e+07  -4.60077e+07  -3.47735e+07
         7.51  -4.40851e+07  -4.27245e+07  -3.22831e+07
         7.52  -4.06357e+07  -3.93806e+07  -2.97489e+07
         7.53  -3.71473e+07  -3.59978e+07  -2.71818e+07
         7.54    -3.362e+07  -3.25787e+07  -2.45918e+07
         7.55  -3.00574e+07  -2.91246e+07   -2.1974e+07
         7.56  -2.64661e+07  -2.56433e+07  -1.93407e+07
         7.57    -2.285e+07  -2.21382e+07  -1.66873e+07
         7.58  -1.92152e+07  -1.86147e+07  -1.40205e+07
         7.59  -1.55773e+07  -1.50886e+07  -1.13526e+07
          7.6  -1.19308e+07  -1.15537e+07  -8.67937e+06
         7.61  -8.30233e+06  -8.03714e+06  -6.02105e+06
         7.62  -4.69292e+06  -4.53856e+06   -3.3736e+06
         7.63  -1.09017e+06  -1.04723e+06       -738164
         7.64   2.41957e+06   2.35366e+06   1.82854e+06
         7.65   5.86095e+06   5.68883e+06   4.34836e+06
         7.66   9.27161e+06   8.99401e+06   6.84347e+06
         7.67   1.26448e+07   1.22628e+07   9.31197e+06
         7.68   1.59808e+07   1.54952e+07   1.17479e+07
         7.69   1.92727e+07   1.86851e+07   1.41562e+07
          7.7   2.25197e+07   2.18312e+07   1.65302e+07
         7.71   2.57124e+07   2.49246e+07   1.88608e+07
         7.72   2.88538e+07   2.79674e+07   2.11516e+07
         7.73   3.19099e+07   3.09285e+07   2.33775e+07
         7.74     3.497e+07   3.38938e+07   2.56206e+07
         7.75    3.7904e+07   3.67353e+07   2.77533e+07
         7.76   4.08016e+07   3.95426e+07   2.98689e+07
         7.77   4.36157e+07   4.22684e+07   3.19192e+07
         7.78    4.6355e+07   4.49205e+07   3.39069e+07
         7.79   4.90233e+07   4.75057e+07   3.58558e+07
          7.8   5.16304e+07   5.00308e+07   3.77497e+07
         7.81   5.41326e+07   5.24557e+07   3.95807e+07
         7.82   5.65641e+07   5.48098e+07   4.13444e+07
         7.83   5.89187e+07   5.70907e+07    4.3062e+07
         7.84   6.11826e+07   5.92821e+07      4.47e+07
         7.85   6.33774e+07   6.14075e+07   4.62958e+07
         7.86   6.54697e+07   6.34337e+07   4.78158e+07
         7.87   6.74853e+07   6.53857e+07   4.92812e+07
         7.88   6.94071e+07   6.72467e+07    5.0677e+07
         7.89   7.12546e+07   6.90361e+07   5.20236e+07
          7.9   7.30205e+07    7.0747e+07   5.33138e+07
         7.91   7.47025e+07   7.23757e+07   5.45328e+07
         7.92   7.62777e+07   7.38999e+07   5.56677e+07
         7.93   7.77766e+07   7.53531e+07   5.67719e+07
         7.94   7.91411e+07   7.66751e+07   5.77599e+07
         7.95   8.03094e+07   7.78053e+07   5.86088e+07
         7.96   8.15666e+07   7.90246e+07   5.95332e+07
         7.97   8.25977e+07   8.00278e+07   6.03226e+07
         7.98   8.34888e+07   8.08862e+07   6.09381e+07
         7.99   8.44205e+07   8.17914e+07   6.16349e+07
            8   8.52304e+07   8.25758e+07   6.22196e+07
         8.01   8.58671e+07   8.31944e+07   6.26988e+07
         8.02   8.65071e+07   8.38135e+07   6.31689e+07
         8.03   8.67109e+07   8.40051e+07   6.32488e+07
         8.04   8.69967e+07   8.42971e+07   6.36229e+07
         8.05   8.72434e+07   8.45278e+07   6.36762e+07
         8.06   8.74351e+07    8.4715e+07   6.38933e+07
         8.07   8.74803e+07   8.47679e+07    6.3941e+07
         8.08   8.73848e+07    8.4665e+07   6.38203e+07
         8.09   8.70594e+07   8.43716e+07   6.37452e+07
          8.1   8.67516e+07   8.40596e+07   6.34106e+07
         8.11   8.63896e+07    8.3711e+07   6.31587e+07
         8.12     8.556e+07   8.29093e+07   6.25722e+07
         8.13   8.49608e+07   8.23332e+07   6.21702e+07
         8.14   8.32797e+07   8.06881e+07   6.08162e+07
         8.15   8.20624e+07   7.95024e+07   5.98893e+07
         8.16   8.08861e+07    7.8356e+07   5.89604e+07
         8.17   7.97966e+07   7.73022e+07   5.81827e+07
         8.18   7.85719e+07   7.61171e+07   5.73048e+07
         8.19   7.73067e+07   7.48915e+07   5.63748e+07
          8.2   7.58891e+07   7.35199e+07   5.53579e+07
         8.21   7.43668e+07   7.20459e+07   5.42512e+07
         8.22   7.27509e+07   7.04818e+07   5.30802e+07
         8.23   7.10235e+07   6.88092e+07   5.18286e+07
         8.24   6.91979e+07   6.70416e+07   5.05036e+07
         8.25   6.72713e+07   6.51764e+07   4.91072e+07
         8.26   6.52406e+07     6.321e+07   4.76331e+07
         8.27   6.31111e+07   6.11482e+07   4.60887e+07
         8.28   6.08605e+07   5.89684e+07    4.4451e+07
         8.29   5.85275e+07    5.6709e+07    4.2752e+07
          8.3   5.60938e+07   5.43522e+07   4.09849e+07
         8.31   5.35773e+07   5.19153e+07   3.91539e+07
         8.32   5.09291e+07     4.935e+07   3.72271e+07
         8.33   4.82423e+07   4.67474e+07   3.52667e+07
         8.34   4.54663e+07   4.40587e+07   3.32461e+07
         8.35   4.25508e+07    4.1235e+07    3.1117e+07
         8.36   3.96641e+07   3.84375e+07   2.90141e+07
         8.37   3.66186e+07    3.5488e+07    2.6792e+07
         8.38   3.35457e+07   3.25106e+07     2.455e+07
         8.39   3.03948e+07   2.94581e+07   2.22512e+07
          8.4   2.71829e+07   2.63463e+07   1.99067e+07
         8.41    2.3907e+07   2.31724e+07   1.75158e+07
         8.42   2.05712e+07   1.99405e+07   1.50798e+07
         8.43   1.71862e+07   1.66605e+07   1.26101e+07
         8.44   1.37523e+07   1.33337e+07   1.00971e+07
         8.45   1.02827e+07   9.97137e+06   7.56012e+06
         8.46   6.97673e+06   6.76788e+06   5.14168e+06
         8.47    3.3574e+06   3.26114e+06   2.49726e+06
         8.48       -301514       -284659       -179324
         8.49  -3.97004e+06   -3.8395e+06  -2.86099e+06
          8.5  -7.66493e+06  -7.42028e+06  -5.56561e+06
         8.51  -1.13529e+07   -1.0995e+07  -8.26996e+06
         8.52  -1.50458e+07  -1.45738e+07  -1.09729e+07
         8.53  -1.87351e+07  -1.81497e+07   -1.3677e+07
         8.54  -2.24061e+07  -2.17077e+07  -1.63666e+07
         8.55  -2.60622e+07  -2.52516e+07  -1.90485e+07
         8.56  -2.96871e+07  -2.87651e+07  -2.17049e+07
         8.57  -3.32819e+07  -3.22498e+07  -2.43427e+07
         8.58  -3.68365e+07  -3.56954e+07  -2.69503e+07
         8.59  -4.03467e+07  -3.90981e+07  -2.95262e+07
          8.6  -4.38027e+07  -4.24482e+07  -3.20617e+07
         8.61  -4.72027e+07  -4.57443e+07  -3.45585e+07
         8.62   -5.0538e+07  -4.89777e+07   -3.7008e+07
         8.63  -5.37969e+07  -5.21368e+07  -3.93986e+07
         8.64  -5.69826e+07  -5.52252e+07  -4.17388e+07
         8.65  -6.00855e+07  -5.82333e+07  -4.40176e+07
         8.66  -6.31049e+07  -6.11607e+07  -4.62365e+07
         8.67  -6.60398e+07  -6.40064e+07   -4.8395e+07
         8.68  -6.88449e+07  -6.67236e+07  -5.04358e+07
         8.69  -7.16501e+07  -6.94473e+07  -5.25302e+07
          8.7  -7.43089e+07  -7.20258e+07  -5.44901e+07
         8.71  -7.68817e+07  -7.45214e+07  -5.63917e+07
         8.72  -7.93437e+07  -7.69103e+07  -5.82166e+07
         8.73  -8.17214e+07  -7.92184e+07  -5.99845e+07
         8.74  -8.39822e+07  -8.14126e+07  -6.16654e+07
         8.75  -8.61498e+07  -8.35176e+07  -6.32835e+07
         8.76   -8.8201e+07  -8.55092e+07  -6.48107e+07
         8.77  -9.01362e+07  -8.73894e+07  -6.62647e+07
         8.78  -9.19692e+07  -8.91713e+07  -6.76474e+07
         8.79  -9.38182e+07  -9.09737e+07  -6.90894e+07
          8.8  -9.54465e+07  -9.25523e+07  -7.02707e+07
         8.81  -9.62397e+07  -9.33037e+07  -7.07085e+07
         8.82  -9.66951e+07  -9.37392e+07   -7.1003e+07
         8.83  -9.71688e+07  -9.41938e+07  -7.13275e+07
         8.84  -9.74154e+07  -9.44265e+07  -7.14532e+07
         8.85  -9.77069e+07  -9.47091e+07  -7.16735e+07
         8.86  -9.79805e+07   -9.4988e+07  -7.20074e+07
         8.87  -9.80938e+07  -9.50891e+07  -7.19643e+07
         8.88  -9.80723e+07  -9.50676e+07  -7.19759e+07
         8.89  -9.81295e+07  -9.51285e+07  -7.20507e+07
          8.9  -9.75832e+07  -9.45998e+07  -7.16595e+07
         8.91  -9.70455e+07  -9.40689e+07  -7.12063e+07
         8.92  -9.64206e+07  -9.34633e+07  -7.07327e+07
         8.93  -9.56413e+07  -9.27089e+07  -7.01587e+07
         8.94  -9.47289e+07  -9.18261e+07  -6.95134e+07
         8.95  -9.34029e+07  -9.05389e+07  -6.85284e+07
         8.96  -9.22129e+07  -8.93873e+07  -6.76667e+07
         8.97  -9.07343e+07  -8.79538e+07  -6.65876e+07
         8.98  -8.91002e+07  -8.63668e+07  -6.53638e+07
         8.99  -8.73621e+07  -8.46814e+07  -6.40825e+07
            9  -8.54729e+07  -8.28516e+07  -6.26935e+07
         9.01  -8.34346e+07  -8.08726e+07  -6.11902e+07
         9.02  -8.12543e+07  -7.87582e+07  -5.95851e+07
         9.03  -7.90012e+07  -7.65724e+07  -5.79164e+07
         9.04  -7.65503e+07  -7.41967e+07  -5.61205e+07
         9.05  -7.40486e+07  -7.17703e+07  -5.42751e+07
         9.06  -7.14307e+07  -6.92316e+07  -5.23472e+07
         9.07   -6.8674e+07  -6.65586e+07  -5.03183e+07
         9.08  -6.58174e+07  -6.37888e+07  -4.82166e+07
         9.09  -6.28864e+07  -6.09469e+07  -4.60597e+07
          9.1   -5.9867e+07  -5.80194e+07  -4.38405e+07
         9.11  -5.67601e+07  -5.50071e+07   -4.1556e+07
         9.12  -5.35716e+07  -5.19155e+07  -3.92123e+07
         9.13  -5.03466e+07  -4.87888e+07  -3.68427e+07
         9.14  -4.70394e+07  -4.55824e+07  -3.44103e+07
         9.15   -4.3689e+07  -4.23346e+07   -3.1951e+07
         9.16  -4.02853e+07  -3.90353e+07  -2.94525e+07
         9.17  -3.68157e+07  -3.56716e+07  -2.69076e+07
         9.18  -3.33171e+07  -3.22804e+07  -2.43391e+07
         9.19  -2.97843e+07  -2.88561e+07    -2.175e+07
          9.2  -2.62349e+07  -2.54167e+07   -1.9155e+07
         9.21  -2.26469e+07  -2.19382e+07  -1.65191e+07
         9.22  -1.90492e+07  -1.84509e+07  -1.38842e+07
         9.23  -1.54409e+07  -1.49545e+07  -1.12437e+07
         9.24  -1.18348e+07  -1.14594e+07  -8.59805e+06
         9.25  -8.25304e+06    -7.989e+06  -5.98243e+06
         9.26  -4.66709e+06  -4.51363e+06  -3.35777e+06
         9.27  -1.09943e+06  -1.05671e+06       -749781
         9.28   2.38122e+06   2.31532e+06   1.79073e+06
         9.29   5.79408e+06   5.62216e+06   4.28501e+06
          9.3   9.17646e+06   8.89955e+06   6.75665e+06
         9.31   1.25252e+07   1.21438e+07   9.20158e+06
         9.32   1.58268e+07   1.53423e+07   1.16094e+07
         9.33   1.90952e+07   1.85093e+07   1.39986e+07
         9.34   2.23077e+07   2.16211e+07   1.63417e+07
         9.35   2.54426e+07   2.46574e+07   1.86212e+07
         9.36   2.85694e+07    2.7687e+07   2.09085e+07
         9.37   3.16121e+07   3.06344e+07   2.31223e+07
         9.38   3.46001e+07   3.35281e+07    2.5299e+07
         9.39   3.75121e+07   3.63486e+07   2.74155e+07
          9.4   4.03764e+07   3.91229e+07   2.95054e+07
         9.41   4.31438e+07   4.18008e+07   3.15023e+07
         9.42   4.58569e+07   4.44299e+07   3.34874e+07
         9.43    4.8504e+07   4.69938e+07   3.54129e+07
         9.44   5.10702e+07   4.94786e+07   3.72742e+07
         9.45   5.35511e+07   5.18816e+07   3.90799e+07
         9.46   5.59531e+07   5.42076e+07   4.08255e+07
         9.47   5.82604e+07   5.64409e+07   4.24968e+07
         9.48   6.04978e+07   5.86075e+07   4.41222e+07
         9.49   6.26426e+07   6.06831e+07    4.5671e+07
          9.5     6.471e+07   6.26849e+07   4.71724e+07
         9.51   6.66918e+07   6.46041e+07   4.86125e+07
         9.52   6.85913e+07   6.64437e+07   4.99935e+07
         9.53   7.03963e+07   6.81911e+07   5.13065e+07
         9.54   7.21434e+07   6.98836e+07   5.25771e+07
         9.55   7.38073e+07   7.14936e+07   5.37753e+07
         9.56   7.53428e+07   7.29804e+07   5.48907e+07
         9.57   7.67531e+07   7.43449e+07   5.59064e+07
         9.58   7.81012e+07    7.5652e+07   5.69007e+07
         9.59   7.93441e+07   7.68553e+07   5.77952e+07
          9.6   8.04306e+07   7.79074e+07   5.85879e+07
         9.61   8.16337e+07   7.90738e+07   5.94743e+07
         9.62    8.2674e+07   8.00806e+07    6.0223e+07
         9.63   8.35705e+07    8.0953e+07   6.09197e+07
         9.64   8.43014e+07   8.16589e+07   6.14249e+07
         9.65    8.4781e+07   8.21245e+07   6.17859e+07
         9.66   8.52848e+07   8.26123e+07   6.21526e+07
         9.67   8.56359e+07   8.29489e+07    6.2364e+07
         9.68   8.59161e+07   8.32213e+07   6.26169e+07
         9.69   8.62361e+07   8.35393e+07   6.28933e+07
          9.7   8.64979e+07   8.37872e+07   6.30169e+07
         9.71   8.64605e+07    8.3763e+07   6.30973e+07
         9.72   8.64393e+07   8.37327e+07   6.30042e+07
         9.73   8.61454e+07   8.34658e+07    6.2945e+07
         9.74   8.57832e+07   8.31029e+07   6.25733e+07
         9.75   8.52871e+07   8.26215e+07   6.22073e+07
         9.76   8.47289e+07   8.20846e+07   6.18255e+07
         9.77   8.40346e+07   8.14135e+07    6.1331e+07
         9.78   8.29723e+07   8.03807e+07   6.05339e+07
         9.79   8.20324e+07    7.9477e+07   5.99022e+07
          9.8   8.05056e+07   7.79851e+07   5.86863e+07
         9.81   7.91554e+07   7.66704e+07   5.76528e+07
         9.82   7.78572e+07   7.54083e+07    5.6664e+07
         9.83   7.65431e+07   7.41361e+07   5.57111e+07
         9.84    7.5136e+07   7.27741e+07   5.46937e+07
         9.85   7.36593e+07   7.13453e+07   5.36265e+07
         9.86   7.20514e+07     6.979e+07   5.24713e+07
         9.87   7.03291e+07   6.81213e+07    5.1215e+07
         9.88   6.85146e+07   6.63652e+07   4.99051e+07
         9.89   6.65829e+07   6.44954e+07   4.85079e+07
          9.9   6.45649e+07   6.25411e+07   4.70384e+07
         9.91   6.24408e+07   6.04848e+07    4.5499e+07
         9.92   6.02297e+07   5.83436e+07   4.38917e+07
         9.93   5.79379e+07   5.61254e+07   4.22353e+07
         9.94   5.55163e+07   5.37804e+07   4.04753e+07
         9.95   5.30609e+07   5.14033e+07   3.86958e+07
         9.96   5.04563e+07   4.88805e+07   3.67995e+07
         9.97   4.78274e+07    4.6335e+07   3.48887e+07
         9.98   4.50432e+07   4.36384e+07   3.28634e+07
         9.99   4.22162e+07   4.09006e+07   3.08089e+07
           10   3.92527e+07   3.80299e+07   2.86471e+07
        10.01   3.62685e+07   3.51397e+07   2.64724e+07
        10.02   3.32492e+07   3.22151e+07   2.42734e+07
        10.03   3.01523e+07   2.92155e+07   2.20207e+07
        10.04   2.69847e+07   2.61473e+07   1.97136e+07
        10.05   2.37447e+07   2.30085e+07   1.73513e+07
        10.06   2.04652e+07   1.98322e+07   1.49611e+07
        10.07   1.71329e+07    1.6604e+07   1.25307e+07
        10.08   1.37508e+07   1.33274e+07   1.00621e+07
        10.09   1.03302e+07   1.00137e+07   7.56586e+06
         10.1   7.07216e+06   6.85701e+06   5.18485e+06
        10.11   3.48074e+06   3.37773e+06   2.56529e+06
        10.12       -147552       -137581      -83782.8
        10.13  -3.78844e+06  -3.66506e+06  -2.74197e+06
        10.14  -7.45152e+06  -7.21438e+06  -5.41791e+06
        10.15  -1.11251e+07  -1.07743e+07   -8.1061e+06
        10.16  -1.47884e+07  -1.43239e+07  -1.07832e+07
        10.17  -1.84513e+07  -1.78735e+07  -1.34638e+07
        10.18  -2.20962e+07  -2.14055e+07  -1.61296e+07
        10.19  -2.57255e+07  -2.49229e+07  -1.87868e+07
         10.2  -2.93275e+07  -2.84136e+07  -2.14236e+07
        10.21  -3.28977e+07  -3.18736e+07  -2.40369e+07
        10.22   -3.6433e+07  -3.53001e+07  -2.66284e+07
        10.23  -3.99165e+07  -3.86762e+07   -2.9179e+07
        10.24  -4.33448e+07  -4.19988e+07  -3.16899e+07
        10.25  -4.67217e+07  -4.52719e+07  -3.41655e+07
        10.26  -5.00354e+07  -4.84837e+07  -3.65943e+07
        10.27  -5.32712e+07    -5.162e+07  -3.89658e+07
        10.28  -5.64287e+07  -5.46804e+07  -4.12804e+07
        10.29  -5.95072e+07  -5.76645e+07  -4.35378e+07
         10.3  -6.24949e+07  -6.05606e+07  -4.57304e+07
        10.31  -6.54012e+07  -6.33781e+07  -4.78651e+07
        10.32  -6.82219e+07  -6.61128e+07   -4.9938e+07
        10.33  -7.09499e+07  -6.87581e+07  -5.19463e+07
        10.34  -7.35448e+07  -7.12721e+07  -5.38391e+07
        10.35  -7.61303e+07   -7.3783e+07  -5.57731e+07
        10.36  -7.85666e+07  -7.61466e+07  -5.75776e+07
        10.37  -8.09244e+07  -7.84351e+07  -5.93317e+07
        10.38  -8.31797e+07  -8.06245e+07  -6.10095e+07
        10.39  -8.53327e+07   -8.2715e+07  -6.26145e+07
         10.4   -8.7383e+07  -8.47071e+07  -6.41537e+07
        10.41  -8.93681e+07  -8.66376e+07  -6.56606e+07
        10.42  -9.12649e+07   -8.8482e+07  -6.70951e+07
        10.43  -9.28613e+07  -9.00253e+07  -6.82195e+07
        10.44   -9.3649e+07  -9.07708e+07  -6.86559e+07
        10.45  -9.46146e+07  -9.17028e+07  -6.93384e+07
        10.46  -9.51801e+07   -9.2249e+07  -6.97454e+07
        10.47  -9.58786e+07  -9.29254e+07  -7.02555e+07
        10.48   -9.6573e+07  -9.36055e+07  -7.08167e+07
        10.49    -9.682e+07  -9.38359e+07  -7.09315e+07
         10.5  -9.69602e+07  -9.39792e+07  -7.10835e+07
        10.51  -9.69328e+07  -9.39478e+07  -7.10405e+07
        10.52  -9.70822e+07  -9.40982e+07  -7.11621e+07
        10.53  -9.66367e+07  -9.36563e+07  -7.08044e+07
        10.54  -9.62542e+07  -9.32937e+07  -7.05759e+07
        10.55  -9.59239e+07  -9.29723e+07  -7.03087e+07
        10.56  -9.52503e+07  -9.23123e+07  -6.97448e+07
        10.57  -9.45911e+07  -9.16775e+07  -6.93163e+07
        10.58   -9.3449e+07  -9.05672e+07  -6.84495e+07
        10.59   -9.2367e+07  -8.95235e+07  -6.76861e+07
         10.6  -9.10265e+07  -8.82219e+07  -6.66892e+07
        10.61  -8.96472e+07  -8.68845e+07  -6.56793e+07
        10.62  -8.80378e+07  -8.53238e+07    -6.449e+07
        10.63  -8.63126e+07    -8.365e+07  -6.32171e+07
        10.64  -8.44244e+07  -8.18189e+07  -6.18266e+07
        10.65  -8.24197e+07  -7.98749e+07  -6.03546e+07
        10.66   -8.0283e+07  -7.78036e+07  -5.87811e+07
        10.67  -7.80219e+07  -7.56117e+07  -5.71187e+07
        10.68  -7.56856e+07  -7.33455e+07  -5.53975e+07
        10.69  -7.31917e+07  -7.09281e+07  -5.35662e+07
         10.7  -7.05456e+07   -6.8363e+07  -5.16235e+07
        10.71  -6.78565e+07  -6.57556e+07  -4.96448e+07
        10.72  -6.50465e+07  -6.30312e+07  -4.75806e+07
        10.73  -6.21317e+07  -6.02053e+07  -4.54445e+07
        10.74  -5.91606e+07  -5.73252e+07   -4.3259e+07
        10.75  -5.60691e+07  -5.43281e+07   -4.0987e+07
        10.76  -5.29232e+07  -5.12788e+07  -3.86796e+07
        10.77  -4.97105e+07  -4.81641e+07  -3.63209e+07
        10.78  -4.64266e+07  -4.49815e+07  -3.39105e+07
        10.79  -4.30946e+07   -4.1752e+07  -3.14738e+07
         10.8  -3.97169e+07  -3.84782e+07   -2.8997e+07
        10.81  -3.62961e+07  -3.51628e+07  -2.64915e+07
        10.82  -3.28455e+07  -3.18187e+07  -2.39633e+07
        10.83  -2.93705e+07   -2.8451e+07  -2.14173e+07
        10.84  -2.58538e+07  -2.50427e+07  -1.88446e+07
        10.85  -2.23469e+07  -2.16449e+07  -1.62838e+07
        10.86  -1.88285e+07  -1.82355e+07  -1.37089e+07
        10.87   -1.5264e+07  -1.47815e+07  -1.11042e+07
        10.88  -1.17279e+07  -1.13555e+07  -8.52142e+06
        10.89  -8.19771e+06  -7.93499e+06  -5.94117e+06
         10.9  -4.68178e+06  -4.52843e+06  -3.37357e+06
        10.91   -1.1787e+06   -1.1348e+06       -818242
        10.92   2.23842e+06   2.17504e+06   1.67174e+06
        10.93   5.58741e+06   5.41947e+06   4.11556e+06
        10.94   8.90809e+06   8.63635e+06   6.53718e+06
        10.95   1.21939e+07   1.18191e+07   8.93256e+06
        10.96   1.54418e+07    1.4965e+07    1.1297e+07
        10.97   1.86499e+07   1.80726e+07   1.36368e+07
        10.98   2.18066e+07   2.11301e+07   1.59347e+07
        10.99   2.49077e+07   2.41333e+07   1.81909e+07
           11   2.79546e+07   2.70842e+07   2.04051e+07
        11.01   3.09435e+07   2.99788e+07   2.25792e+07
        11.02   3.38618e+07   3.28046e+07      2.47e+07
        11.03   3.66871e+07     3.554e+07   2.67537e+07
        11.04   3.95441e+07   3.83061e+07   2.88159e+07
        11.05   4.22412e+07   4.09185e+07   3.07943e+07
        11.06   4.49198e+07   4.35117e+07   3.27281e+07
        11.07   4.75012e+07   4.60133e+07    3.4618e+07
        11.08   5.00253e+07   4.84552e+07   3.64354e+07
        11.09   5.24735e+07   5.08245e+07   3.82048e+07
         11.1   5.48313e+07   5.31074e+07   3.99146e+07
        11.11   5.71192e+07   5.53225e+07   4.15748e+07
        11.12   5.93275e+07   5.74592e+07   4.31646e+07
        11.13   6.14419e+07   5.95062e+07      4.47e+07
        11.14   6.34945e+07   6.14935e+07   4.61859e+07
        11.15   6.54365e+07   6.33735e+07   4.75967e+07
        11.16   6.73138e+07   6.51908e+07   4.89569e+07
        11.17   6.91207e+07   6.69404e+07   5.02679e+07
        11.18   7.08376e+07   6.85999e+07   5.14911e+07
        11.19   7.24535e+07   7.01655e+07   5.26704e+07
         11.2    7.3995e+07   7.16577e+07   5.37916e+07
        11.21   7.54351e+07   7.30526e+07   5.48359e+07
        11.22   7.67498e+07   7.43255e+07   5.57923e+07
        11.23    7.8007e+07   7.55421e+07   5.66978e+07
        11.24   7.91194e+07   7.66234e+07   5.75374e+07
        11.25   8.02999e+07   7.77641e+07   5.83834e+07
        11.26   8.12339e+07   7.86652e+07   5.90339e+07
        11.27    8.1982e+07   7.93928e+07   5.96025e+07
        11.28    8.2722e+07   8.01095e+07   6.01383e+07
        11.29   8.33284e+07   8.06974e+07   6.05854e+07
         11.3   8.39189e+07   8.12698e+07   6.10207e+07
        11.31   8.42493e+07   8.15868e+07   6.12357e+07
        11.32   8.46279e+07   8.19518e+07   6.14956e+07
        11.33   8.48571e+07   8.21824e+07    6.1756e+07
        11.34   8.49866e+07   8.23104e+07   6.18262e+07
        11.35   8.50832e+07   8.23993e+07   6.18784e+07
        11.36   8.50711e+07   8.23933e+07   6.19187e+07
        11.37   8.48604e+07   8.21941e+07   6.18151e+07
        11.38   8.43534e+07   8.16978e+07   6.13946e+07
        11.39   8.38616e+07   8.12192e+07   6.09998e+07
         11.4   8.34342e+07   8.08134e+07   6.07676e+07
        11.41   8.25349e+07   7.99372e+07   6.00693e+07
        11.42    8.1869e+07   7.92957e+07   5.96132e+07
        11.43   8.09338e+07    7.8387e+07   5.89188e+07
        11.44   7.97547e+07   7.72489e+07   5.80814e+07
        11.45   7.85175e+07   7.60499e+07    5.7182e+07
        11.46    7.7068e+07   7.46385e+07   5.60696e+07
        11.47    7.5586e+07   7.31963e+07   5.49349e+07
        11.48   7.41683e+07   7.18196e+07   5.38689e+07
        11.49   7.27149e+07   7.04125e+07   5.28127e+07
         11.5   7.11437e+07   6.88923e+07    5.1683e+07
        11.51   6.94898e+07   6.72916e+07   5.04815e+07
        11.52    6.7731e+07   6.55895e+07   4.92123e+07
        11.53   6.58568e+07   6.37759e+07   4.78622e+07
        11.54   6.38583e+07   6.18414e+07   4.64169e+07
        11.55   6.18284e+07   5.98768e+07   4.49492e+07
        11.56   5.96994e+07   5.78165e+07   4.34118e+07
        11.57    5.7383e+07   5.55737e+07   4.17304e+07
        11.58   5.50267e+07   5.32925e+07   4.00228e+07
        11.59    5.2547e+07   5.08915e+07    3.8221e+07
         11.6   5.00618e+07   4.84871e+07   3.64341e+07
        11.61    4.7388e+07    4.5897e+07   3.44815e+07
        11.62    4.4684e+07   4.32798e+07   3.25263e+07
        11.63   4.18741e+07   4.05593e+07   3.04876e+07
        11.64   3.90009e+07    3.7776e+07   2.83899e+07
        11.65   3.60577e+07   3.49265e+07    2.6259e+07
        11.66   3.30544e+07   3.20178e+07   2.40722e+07
        11.67   2.99808e+07   2.90417e+07   2.18409e+07
        11.68   2.68516e+07   2.60106e+07    1.9559e+07
        11.69   2.36435e+07   2.29033e+07   1.72207e+07
         11.7   2.03978e+07   1.97606e+07   1.48646e+07
        11.71   1.70519e+07   1.65178e+07   1.24134e+07
        11.72   1.37324e+07   1.33038e+07   1.00047e+07
        11.73   1.03624e+07   1.00412e+07   7.56204e+06
        11.74   7.12209e+06   6.90112e+06   5.18946e+06
        11.75   3.57672e+06   3.46755e+06    2.6105e+06
        11.76      -10269.6      -6886.16      -2199.32
        11.77  -3.61103e+06  -3.49494e+06  -2.62731e+06
        11.78   -7.2324e+06   -7.0031e+06  -5.26721e+06
        11.79   -1.0865e+07   -1.0522e+07  -7.91668e+06
         11.8  -1.44945e+07  -1.40387e+07  -1.05685e+07
        11.81  -1.81167e+07  -1.75483e+07  -1.32148e+07
        11.82  -2.17245e+07  -2.10434e+07  -1.58464e+07
        11.83  -2.53099e+07  -2.45174e+07  -1.84667e+07
        11.84  -2.88755e+07  -2.79723e+07  -2.10721e+07
        11.85  -3.24108e+07  -3.13977e+07   -2.3656e+07
        11.86  -3.59006e+07  -3.47793e+07  -2.62069e+07
        11.87  -3.93449e+07  -3.81168e+07  -2.87252e+07
        11.88  -4.27376e+07  -4.14044e+07  -3.12064e+07
        11.89  -4.60699e+07  -4.46334e+07  -3.36433e+07
         11.9  -4.93379e+07  -4.78003e+07  -3.60338e+07
        11.91  -5.25337e+07  -5.08971e+07  -3.83715e+07
        11.92  -5.56522e+07  -5.39192e+07  -4.06533e+07
        11.93  -5.86884e+07  -5.68617e+07   -4.2876e+07
        11.94  -6.16461e+07  -5.97282e+07   -4.5043e+07
        11.95  -6.45291e+07  -6.25227e+07  -4.71577e+07
        11.96  -6.73248e+07  -6.52328e+07  -4.92097e+07
        11.97  -7.00297e+07  -6.78556e+07  -5.12008e+07
        11.98  -7.25798e+07  -7.03261e+07  -5.30617e+07
        11.99   -7.5166e+07   -7.2837e+07  -5.49906e+07
           12  -7.76007e+07  -7.51991e+07  -5.67938e+07
        12.01  -7.99272e+07  -7.74572e+07   -5.8526e+07
        12.02  -8.21795e+07  -7.96444e+07  -6.02093e+07
        12.03  -8.43476e+07  -8.17513e+07  -6.18424e+07
        12.04  -8.64239e+07  -8.37697e+07  -6.34085e+07
        12.05  -8.83187e+07  -8.56061e+07   -6.4784e+07
        12.06  -8.97154e+07  -8.69471e+07   -6.5698e+07
        12.07  -9.11391e+07  -8.83242e+07  -6.67225e+07
        12.08  -9.20081e+07  -8.91593e+07  -6.73096e+07
        12.09  -9.31411e+07  -9.02583e+07  -6.81492e+07
         12.1  -9.38444e+07  -9.09379e+07  -6.86548e+07
        12.11  -9.45266e+07  -9.16037e+07  -6.91823e+07
        12.12   -9.5097e+07   -9.2153e+07  -6.95851e+07
        12.13  -9.56121e+07  -9.26518e+07  -6.99449e+07
        12.14   -9.5735e+07  -9.27627e+07   -7.0008e+07
        12.15  -9.59687e+07  -9.30051e+07  -7.02565e+07
        12.16  -9.54562e+07  -9.25064e+07  -6.99301e+07
        12.17  -9.55078e+07  -9.25483e+07  -6.98352e+07
        12.18  -9.49965e+07  -9.20568e+07    -6.951e+07
        12.19  -9.46575e+07  -9.17245e+07  -6.92396e+07
         12.2  -9.39826e+07  -9.10681e+07  -6.87316e+07
        12.21  -9.33081e+07  -9.04193e+07  -6.82644e+07
        12.22  -9.22015e+07  -8.93429e+07   -6.7426e+07
        12.23  -9.11015e+07  -8.82791e+07  -6.66344e+07
        12.24  -8.98525e+07  -8.70686e+07  -6.57256e+07
        12.25  -8.84424e+07  -8.57003e+07  -6.46834e+07
        12.26   -8.6868e+07  -8.41728e+07  -6.35164e+07
        12.27  -8.51455e+07  -8.25034e+07  -6.22552e+07
        12.28  -8.33199e+07  -8.07342e+07  -6.09213e+07
        12.29    -8.134e+07  -7.88143e+07  -5.94616e+07
         12.3  -7.92764e+07  -7.68142e+07   -5.7951e+07
        12.31  -7.70177e+07  -7.46245e+07  -5.62928e+07
        12.32  -7.46821e+07  -7.23601e+07  -5.45756e+07
        12.33  -7.22189e+07  -6.99721e+07  -5.27662e+07
        12.34  -6.96642e+07  -6.74961e+07  -5.08913e+07
        12.35  -6.69984e+07  -6.49123e+07  -4.89362e+07
        12.36  -6.42333e+07   -6.2232e+07   -4.6909e+07
        12.37  -6.13802e+07  -5.94663e+07  -4.48175e+07
        12.38  -5.84436e+07  -5.66206e+07  -4.26678e+07
        12.39  -5.53911e+07  -5.36619e+07  -4.04273e+07
         12.4  -5.23004e+07  -5.06664e+07  -3.81642e+07
        12.41  -4.91723e+07  -4.76353e+07  -3.58752e+07
        12.42  -4.59421e+07  -4.45047e+07  -3.35118e+07
        12.43  -4.26775e+07   -4.1341e+07  -3.11202e+07
        12.44  -3.93311e+07  -3.80971e+07  -2.86686e+07
        12.45  -3.60023e+07  -3.48726e+07  -2.62395e+07
        12.46  -3.26057e+07  -3.15822e+07  -2.37647e+07
        12.47  -2.91669e+07  -2.82492e+07  -2.12423e+07
        12.48  -2.57154e+07  -2.49052e+07  -1.87194e+07
        12.49  -2.22493e+07   -2.1548e+07  -1.61951e+07
         12.5  -1.87404e+07   -1.8148e+07  -1.36319e+07
        12.51  -1.52541e+07  -1.47709e+07  -1.10897e+07
        12.52  -1.17424e+07  -1.13686e+07  -8.52916e+06
        12.53  -8.26826e+06  -8.00363e+06  -5.99673e+06
        12.54  -4.79322e+06  -4.63735e+06    -3.463e+06
        12.55  -1.33064e+06  -1.28373e+06       -943110
        12.56   2.04814e+06   1.98837e+06   1.51497e+06
        12.57   5.35701e+06   5.19324e+06    3.9246e+06
        12.58   8.63713e+06    8.3699e+06   6.31069e+06
        12.59   1.18802e+07    1.1511e+07   8.67146e+06
         12.6   1.50837e+07   1.46133e+07    1.1001e+07
        12.61   1.82358e+07   1.76657e+07   1.32928e+07
        12.62   2.13448e+07   2.06763e+07   1.55501e+07
        12.63   2.43972e+07   2.36317e+07   1.77691e+07
        12.64    2.7399e+07   2.65384e+07   1.99453e+07
        12.65   3.03501e+07   2.93956e+07   2.20884e+07
        12.66   3.32297e+07    3.2183e+07   2.41709e+07
        12.67   3.60316e+07   3.48953e+07   2.62051e+07
        12.68   3.88432e+07   3.76175e+07   2.82384e+07
        12.69   4.15055e+07    4.0196e+07   3.01852e+07
         12.7   4.41494e+07   4.27549e+07   3.20926e+07
        12.71   4.67046e+07   4.52265e+07   3.39316e+07
        12.72   4.91777e+07    4.7622e+07   3.57324e+07
        12.73   5.15948e+07   4.99606e+07   3.74719e+07
        12.74   5.39133e+07   5.22049e+07   3.91515e+07
        12.75   5.61577e+07    5.4377e+07   4.07719e+07
        12.76   5.83113e+07   5.64609e+07   4.23288e+07
        12.77   6.03913e+07   5.84741e+07   4.38318e+07
        12.78   6.23914e+07   6.04096e+07   4.52758e+07
        12.79   6.43226e+07   6.22787e+07   4.66703e+07
         12.8   6.61732e+07   6.40701e+07   4.80136e+07
        12.81   6.79385e+07   6.57781e+07   4.92865e+07
        12.82   6.96453e+07   6.74296e+07   5.05165e+07
        12.83    7.1268e+07   6.89992e+07   5.16761e+07
        12.84   7.27649e+07   7.04484e+07   5.27687e+07
        12.85   7.41904e+07   7.18284e+07   5.38014e+07
        12.86   7.55115e+07   7.31079e+07   5.47613e+07
        12.87   7.66909e+07   7.42498e+07   5.56207e+07
        12.88   7.78131e+07    7.5337e+07   5.64352e+07
        12.89   7.89494e+07   7.64366e+07   5.72599e+07
         12.9   7.98307e+07    7.7286e+07   5.78751e+07
        12.91    8.0565e+07   7.79998e+07   5.84235e+07
        12.92   8.12891e+07   7.87011e+07   5.89501e+07
        12.93   8.19924e+07   7.93829e+07   5.94685e+07
        12.94   8.26163e+07   7.99877e+07   5.99294e+07
        12.95    8.2918e+07   8.02757e+07   6.00983e+07
        12.96    8.3306e+07   8.06523e+07    6.0407e+07
        12.97   8.35722e+07   8.09191e+07   6.06542e+07
        12.98   8.38296e+07   8.11592e+07   6.08131e+07
        12.99   8.38387e+07   8.11817e+07   6.08799e+07
           13   8.37807e+07   8.11165e+07   6.07873e+07
        13.01   8.32983e+07   8.06632e+07   6.05451e+07
        13.02   8.28947e+07   8.02598e+07   6.01377e+07
        13.03   8.25263e+07   7.99093e+07   5.99365e+07
        13.04   8.18935e+07   7.92937e+07   5.94458e+07
        13.05   8.13756e+07   7.87941e+07    5.9085e+07
        13.06   8.06752e+07   7.81173e+07   5.85858e+07
        13.07   7.96085e+07   7.70813e+07    5.7794e+07
        13.08   7.87421e+07   7.62472e+07   5.71965e+07
        13.09   7.75492e+07    7.5093e+07   5.63244e+07
         13.1   7.62883e+07   7.38715e+07   5.54202e+07
        13.11   7.49132e+07   7.25374e+07   5.44054e+07
        13.12    7.3369e+07    7.1038e+07    5.3255e+07
        13.13   7.18266e+07   6.95387e+07   5.20806e+07
        13.14   7.02116e+07    6.7973e+07    5.0891e+07
        13.15   6.85591e+07   6.63724e+07   4.96791e+07
        13.16   6.68092e+07   6.46793e+07    4.8419e+07
        13.17   6.49584e+07   6.28883e+07   4.70848e+07
        13.18   6.30456e+07   6.10378e+07   4.57048e+07
        13.19   6.10077e+07   5.90656e+07   4.42352e+07
         13.2   5.88863e+07   5.70123e+07   4.27005e+07
        13.21   5.66976e+07   5.48947e+07   4.11226e+07
        13.22   5.43632e+07   5.26353e+07   3.94355e+07
        13.23   5.19776e+07   5.03275e+07   3.77228e+07
        13.24     4.943e+07     4.786e+07   3.58612e+07
        13.25   4.68781e+07   4.53909e+07   3.40256e+07
        13.26     4.418e+07   4.27784e+07   3.20627e+07
        13.27   4.14516e+07   4.01379e+07    3.0093e+07
        13.28   3.85969e+07   3.73747e+07   2.80272e+07
        13.29   3.56946e+07   3.45643e+07   2.59173e+07
         13.3   3.27228e+07   3.16867e+07   2.37587e+07
        13.31   2.96942e+07   2.87549e+07   2.15645e+07
        13.32   2.65994e+07   2.57579e+07   1.93145e+07
        13.33   2.34362e+07   2.26952e+07   1.70194e+07
        13.34    2.0186e+07   1.95456e+07   1.46339e+07
        13.35   1.69669e+07   1.64307e+07    1.2318e+07
        13.36   1.36505e+07   1.32194e+07   9.90836e+06
        13.37    1.0315e+07   9.98966e+06   7.48594e+06
        13.38   7.12573e+06   6.90059e+06    5.1616e+06
        13.39   3.61611e+06   3.50218e+06   2.61206e+06
         13.4       65163.1       63463.2       30972.9
        13.41   -3.5011e+06  -3.39042e+06  -2.56363e+06
        13.42  -7.08524e+06  -6.86166e+06  -5.17053e+06
        13.43  -1.06778e+07  -1.03413e+07   -7.7872e+06
        13.44  -1.42728e+07  -1.38235e+07  -1.04066e+07
        13.45  -1.78563e+07  -1.72946e+07  -1.30168e+07
        13.46  -2.14273e+07  -2.07535e+07  -1.56183e+07
        13.47  -2.49811e+07  -2.41961e+07  -1.82102e+07
        13.48  -2.85093e+07  -2.76139e+07  -2.07827e+07
        13.49  -3.20029e+07  -3.09983e+07  -2.33308e+07
         13.5  -3.54689e+07   -3.4356e+07   -2.5859e+07
        13.51  -3.88816e+07  -3.76622e+07  -2.83494e+07
        13.52  -4.22363e+07  -4.09122e+07  -3.07973e+07
        13.53  -4.55323e+07  -4.41054e+07  -3.32029e+07
        13.54  -4.87625e+07  -4.72348e+07  -3.55603e+07
        13.55   -5.1923e+07  -5.02968e+07  -3.78676e+07
        13.56   -5.5009e+07  -5.32868e+07  -4.01214e+07
        13.57  -5.80131e+07  -5.61976e+07  -4.23168e+07
        13.58  -6.09461e+07  -5.90396e+07  -4.44614e+07
        13.59  -6.38079e+07  -6.18133e+07  -4.65591e+07
         13.6  -6.65775e+07  -6.44978e+07  -4.85914e+07
        13.61  -6.92218e+07  -6.70593e+07  -5.05168e+07
        13.62  -7.18482e+07  -6.96083e+07  -5.24709e+07
        13.63  -7.43651e+07  -7.20497e+07  -5.43334e+07
        13.64  -7.68049e+07  -7.44175e+07  -5.61458e+07
        13.65  -7.91564e+07  -7.67014e+07  -5.79112e+07
        13.66  -8.13966e+07  -7.88768e+07  -5.95833e+07
        13.67   -8.3489e+07   -8.0905e+07  -6.11069e+07
        13.68  -8.53102e+07  -8.26644e+07  -6.23859e+07
        13.69  -8.70868e+07  -8.43835e+07  -6.36634e+07
         13.7  -8.84722e+07  -8.57199e+07  -6.46351e+07
        13.71  -8.98653e+07  -8.70689e+07  -6.56477e+07
        13.72  -9.09909e+07   -8.8157e+07  -6.64525e+07
        13.73  -9.19342e+07  -8.90696e+07  -6.71337e+07
        13.74  -9.28372e+07  -8.99459e+07  -6.78096e+07
        13.75  -9.35342e+07  -9.06227e+07  -6.83253e+07
        13.76  -9.41151e+07  -9.11866e+07  -6.87594e+07
        13.77  -9.45896e+07  -9.16446e+07  -6.90836e+07
        13.78  -9.48806e+07  -9.19237e+07  -6.92732e+07
        13.79  -9.49079e+07  -9.19504e+07  -6.93357e+07
         13.8  -9.49687e+07  -9.20201e+07  -6.94526e+07
        13.81  -9.44796e+07  -9.15325e+07  -6.89477e+07
        13.82  -9.39755e+07  -9.10463e+07  -6.86475e+07
        13.83  -9.37018e+07  -9.07821e+07  -6.84141e+07
        13.84   -9.3139e+07  -9.02367e+07  -6.80127e+07
        13.85  -9.23395e+07  -8.94591e+07  -6.74135e+07
        13.86   -9.1267e+07  -8.84229e+07  -6.66394e+07
        13.87  -9.01652e+07  -8.73565e+07  -6.58501e+07
        13.88  -8.89009e+07  -8.61285e+07   -6.4908e+07
        13.89  -8.74767e+07  -8.47481e+07  -6.38656e+07
         13.9  -8.59428e+07   -8.3261e+07   -6.2737e+07
        13.91  -8.42917e+07  -8.16604e+07  -6.15242e+07
        13.92  -8.24914e+07  -7.99148e+07  -6.01998e+07
        13.93  -8.05617e+07  -7.80446e+07  -5.87852e+07
        13.94  -7.84967e+07  -7.60432e+07   -5.7271e+07
        13.95  -7.62968e+07  -7.39114e+07  -5.56627e+07
        13.96  -7.39742e+07  -7.16604e+07  -5.39608e+07
        13.97  -7.15666e+07  -6.93273e+07  -5.22001e+07
        13.98  -6.90141e+07  -6.68533e+07  -5.03278e+07
        13.99  -6.63617e+07  -6.42826e+07  -4.83892e+07
           14  -6.36279e+07  -6.16334e+07  -4.63853e+07
        14.01  -6.07921e+07   -5.8886e+07  -4.43114e+07
        14.02  -5.79033e+07  -5.60863e+07  -4.21985e+07
        14.03  -5.49456e+07  -5.32202e+07  -4.00364e+07
        14.04   -5.1852e+07  -5.02228e+07  -3.77739e+07
        14.05  -4.87459e+07   -4.7213e+07  -3.55046e+07
        14.06  -4.55416e+07  -4.41083e+07  -3.31627e+07
        14.07  -4.23117e+07  -4.09794e+07  -3.08061e+07
        14.08  -3.90377e+07  -3.78076e+07  -2.84173e+07
        14.09  -3.57071e+07  -3.45809e+07  -2.59852e+07
         14.1  -3.23567e+07  -3.13355e+07  -2.35438e+07
        14.11   -2.8961e+07  -2.80458e+07  -2.10657e+07
        14.12  -2.55449e+07  -2.47368e+07  -1.85758e+07
        14.13   -2.2108e+07  -2.14077e+07  -1.60716e+07
        14.14  -1.86569e+07  -1.80654e+07  -1.35576e+07
        14.15  -1.51894e+07  -1.47065e+07  -1.10343e+07
        14.16  -1.17271e+07  -1.13531e+07  -8.51492e+06
        14.17  -8.28115e+06  -8.01637e+06  -6.01023e+06
        14.18  -4.85068e+06  -4.69411e+06   -3.5146e+06
        14.19  -1.42797e+06  -1.37977e+06  -1.02806e+06
         14.2   1.91413e+06     1.856e+06   1.39733e+06
        14.21   5.18594e+06   5.02425e+06   3.77486e+06
        14.22    8.4281e+06   8.16352e+06    6.1293e+06
        14.23   1.16352e+07   1.12687e+07   8.45666e+06
        14.24   1.48036e+07   1.43365e+07   1.07571e+07
        14.25    1.7928e+07   1.73613e+07   1.30234e+07
        14.26   2.10067e+07   2.03422e+07   1.52556e+07
        14.27   2.40266e+07   2.32651e+07   1.74435e+07
        14.28   2.69959e+07   2.61396e+07   1.95928e+07
        14.29   2.99159e+07    2.8966e+07   2.17056e+07
         14.3   3.27676e+07   3.17261e+07   2.37681e+07
        14.31   3.55325e+07   3.44021e+07   2.57719e+07
        14.32   3.82986e+07   3.70794e+07   2.77698e+07
        14.33   4.09586e+07   3.96546e+07   2.96977e+07
        14.34   4.35497e+07   4.21609e+07   3.15636e+07
        14.35   4.60788e+07   4.46091e+07   3.33933e+07
        14.36   4.85394e+07   4.69898e+07   3.51661e+07
        14.37   5.09169e+07   4.92914e+07   3.68878e+07
        14.38   5.32176e+07   5.15165e+07   3.85413e+07
        14.39   5.54406e+07   5.36676e+07   4.01458e+07
         14.4   5.75833e+07   5.57407e+07   4.16894e+07
        14.41   5.96461e+07   5.77363e+07   4.31754e+07
        14.42   6.16431e+07   5.96688e+07   4.46163e+07
        14.43   6.35542e+07   6.15175e+07   4.59926e+07
        14.44   6.53967e+07   6.33003e+07   4.73228e+07
        14.45   6.71581e+07   6.50051e+07    4.8597e+07
        14.46   6.88456e+07   6.66371e+07   4.98057e+07
        14.47   7.04584e+07   6.81965e+07    5.0955e+07
        14.48   7.19528e+07   6.96432e+07   5.20451e+07
        14.49   7.33472e+07   7.09932e+07   5.30542e+07
         14.5   7.46696e+07   7.22723e+07   5.40082e+07
        14.51   7.58921e+07   7.34547e+07   5.48828e+07
        14.52   7.69219e+07   7.44547e+07   5.56519e+07
        14.53   7.79911e+07   7.54874e+07    5.6413e+07
        14.54   7.88822e+07    7.6347e+07   5.70376e+07
        14.55   7.96979e+07   7.71394e+07   5.76472e+07
        14.56   8.05895e+07   7.80023e+07   5.82928e+07
        14.57   8.11791e+07   7.85736e+07   5.87248e+07
        14.58   8.18221e+07   7.91972e+07   5.91974e+07
        14.59   8.22675e+07   7.96267e+07   5.94973e+07
         14.6   8.25898e+07   7.99342e+07   5.97056e+07
        14.61   8.26529e+07   8.00073e+07   5.98505e+07
        14.62    8.2763e+07   8.01087e+07   5.98846e+07
        14.63   8.28455e+07    8.0189e+07   5.99462e+07
        14.64   8.26786e+07   8.00436e+07   5.99587e+07
        14.65   8.21711e+07   7.95369e+07    5.9466e+07
        14.66   8.18345e+07   7.92138e+07   5.92488e+07
        14.67   8.15245e+07   7.89141e+07   5.90092e+07
        14.68   8.09803e+07   7.83833e+07    5.8597e+07
        14.69   8.03994e+07   7.78287e+07   5.82315e+07
         14.7   7.95871e+07   7.70399e+07   5.76241e+07
        14.71   7.87399e+07   7.62203e+07   5.70244e+07
        14.72   7.77923e+07   7.53039e+07   5.63348e+07
        14.73   7.65844e+07   7.41347e+07   5.54618e+07
        14.74   7.54673e+07   7.30563e+07   5.46781e+07
        14.75   7.40631e+07   7.16942e+07   5.36412e+07
        14.76   7.26511e+07   7.03273e+07   5.26214e+07
        14.77   7.11435e+07   6.88668e+07   5.15215e+07
        14.78   6.95167e+07   6.72889e+07   5.03134e+07
        14.79   6.77847e+07     6.561e+07   4.90451e+07
         14.8   6.59805e+07   6.38608e+07   4.77121e+07
        14.81    6.4146e+07   6.20846e+07   4.63743e+07
        14.82   6.22095e+07   6.02104e+07   4.49725e+07
        14.83   6.02066e+07   5.82724e+07   4.35284e+07
        14.84   5.80825e+07   5.62174e+07   4.19985e+07
        14.85   5.59051e+07   5.41114e+07   4.04358e+07
        14.86   5.35965e+07   5.18771e+07   3.87651e+07
        14.87   5.12076e+07   4.95656e+07   3.70428e+07
        14.88   4.87519e+07   4.71901e+07   3.52787e+07
        14.89   4.62162e+07   4.47369e+07   3.34501e+07
         14.9   4.35364e+07   4.21425e+07   3.15021e+07
        14.91   4.07901e+07   3.94843e+07   2.95183e+07
        14.92   3.79851e+07   3.67701e+07   2.74973e+07
        14.93   3.51302e+07    3.4006e+07   2.54219e+07
        14.94   3.22053e+07   3.11753e+07    2.3308e+07
        14.95   2.92001e+07   2.82662e+07    2.1133e+07
        14.96    2.6156e+07    2.5319e+07   1.89212e+07
        14.97    2.2969e+07   2.22318e+07   1.65927e+07
        14.98   1.98832e+07    1.9247e+07   1.43833e+07
        14.99   1.66294e+07   1.60973e+07   1.20225e+07
           15   1.33549e+07   1.29274e+07   9.64944e+06
